s b 0 1.78 0.0413 0.00 207924
s b 0 1.77 0.0416 0.00 207934
s b 0 1.77 0.0416 0.00 207944
s b 0 1.77 0.0416 0.00 207954
s b 0 1.77 0.0416 0.00 207964
s b 0 1.77 0.0416 0.00 207974
s b 0 1.77 0.0416 0.00 207984
s b 0 1.76 0.0419 0.00 207994
s b 0 1.77 0.0416 0.00 208004
s b 0 1.77 0.0416 0.00 208014
s b 0 1.77 0.0416 0.00 208024
s b 0 1.78 0.0413 0.00 208034
s b 0 1.78 0.0413 0.00 208044
s b 0 1.78 0.0410 0.00 208054
s b 0 1.78 0.0410 0.00 208064
s b 0 1.78 0.0413 0.00 208074
s b 0 1.78 0.0413 0.00 208084
s b 0 1.78 0.0413 0.00 208094
s b 0 1.78 0.0413 0.00 208104
s b 0 1.78 0.0413 0.00 208114
s b 0 1.78 0.0413 0.00 208124
s b 0 1.77 0.0416 0.00 208134
s b 0 1.77 0.0416 0.00 208144
s b 0 1.76 0.0419 0.00 208154
s b 0 1.76 0.0419 0.00 208164
s b 0 1.76 0.0419 0.00 208174
s b 0 1.76 0.0419 0.00 208184
s b 0 1.76 0.0419 0.00 208194
s b 0 1.76 0.0422 0.00 208204
s b 0 1.76 0.0422 0.00 208214
s b 0 1.76 0.0422 0.00 208224
s b 0 1.76 0.0419 0.00 208234
s b 0 1.76 0.0419 0.00 208244
s b 0 1.77 0.0416 0.00 208254
s b 0 1.77 0.0416 0.00 208264
s b 0 1.78 0.0413 0.00 208274
s b 0 1.78 0.0413 0.00 208284
s b 0 1.78 0.0413 0.00 208294
s b 0 1.78 0.0410 0.00 208304
s b 0 1.78 0.0410 0.00 208314
s b 0 1.78 0.0410 0.00 208324
s b 0 1.78 0.0410 0.00 208334
s b 0 1.78 0.0410 0.00 208344
s b 0 1.78 0.0410 0.00 208354
s b 0 1.78 0.0413 0.00 208364
s b 0 1.78 0.0413 0.00 208374
s b 0 1.78 0.0413 0.00 208384
s b 0 1.78 0.0413 0.00 208394
s b 0 1.78 0.0413 0.00 208404
s b 0 1.78 0.0413 0.00 208414
s b 0 1.78 0.0413 0.00 208424
s b 0 1.78 0.0413 0.00 208434
s b 0 1.77 0.0416 0.00 208444
s b 0 1.77 0.0416 0.00 208454
s b 0 1.77 0.0416 0.00 208464
s b 0 1.76 0.0419 0.00 208474
s b 0 1.76 0.0419 0.00 208484
s b 0 1.76 0.0419 0.00 208494
s b 0 1.76 0.0419 0.00 208504
s b 0 1.77 0.0416 0.00 208514
s b 0 1.77 0.0416 0.00 208524
s b 0 1.77 0.0416 0.00 208534
s b 0 1.77 0.0416 0.00 208544
s b 0 1.78 0.0413 0.00 208554
s b 0 1.78 0.0413 0.00 208564
s b 0 1.77 0.0416 0.00 208574
s b 0 1.78 0.0413 0.00 208584
s b 0 1.78 0.0413 0.00 208594
s b 0 1.78 0.0413 0.00 208604
s b 0 1.78 0.0413 0.00 208614
s b 0 1.77 0.0416 0.00 208624
s b 0 1.77 0.0416 0.00 208634
s b 0 1.77 0.0416 0.00 208644
s b 0 1.77 0.0416 0.00 208654
s b 0 1.77 0.0416 0.00 208664
s b 0 1.77 0.0416 0.00 208674
s b 0 1.77 0.0416 0.00 208684
s b 0 1.77 0.0416 0.00 208694
s b 0 1.77 0.0416 0.00 208704
s b 0 1.77 0.0416 0.00 208714
s b 0 1.77 0.0416 0.00 208724
s b 0 1.77 0.0416 0.00 208734
s b 0 1.77 0.0416 0.00 208744
s b 0 1.77 0.0416 0.00 208754
s b 0 1.77 0.0416 0.00 208764
s b 0 1.78 0.0413 0.00 208774
s b 0 1.78 0.0413 0.00 208784
s b 0 1.78 0.0413 0.00 208794
s b 0 1.78 0.0413 0.00 208804
s b 0 1.78 0.0413 0.00 208814
s b 0 1.78 0.0413 0.00 208824
s b 0 1.78 0.0413 0.00 208834
s b 0 1.77 0.0416 0.00 208844
s b 0 1.77 0.0416 0.00 208854
s b 0 1.76 0.0419 0.00 208864
s b 0 1.77 0.0416 0.00 208874
s b 0 1.76 0.0419 0.00 208884
s b 0 1.76 0.0419 0.00 208894
s b 0 1.76 0.0419 0.00 208904
s b 0 1.76 0.0419 0.00 208914
s b 0 1.76 0.0419 0.00 208924
s b 0 1.77 0.0416 0.00 208934
s b 0 1.78 0.0413 0.00 208944
s b 0 1.78 0.0410 0.00 208954
s b 0 1.78 0.0410 0.00 208964
s b 0 1.78 0.0410 0.00 208974
s b 0 1.78 0.0413 0.00 208984
s b 0 1.78 0.0413 0.00 208994
s b 0 1.78 0.0413 0.00 209004
s b 0 1.77 0.0416 0.00 209014
s b 0 1.77 0.0416 0.00 209024
s b 0 1.76 0.0419 0.00 209034
s b 0 1.76 0.0419 0.00 209044
s b 0 1.76 0.0419 0.00 209054
s b 0 1.76 0.0419 0.00 209064
s b 0 1.76 0.0419 0.00 209074
s b 0 1.76 0.0419 0.00 209084
s b 0 1.77 0.0416 0.00 209094
s b 0 1.77 0.0416 0.00 209104
s b 0 1.78 0.0413 0.00 209114
s b 0 1.78 0.0410 0.00 209124
s b 0 1.78 0.0410 0.00 209134
s b 0 1.78 0.0410 0.00 209144
s b 0 1.78 0.0410 0.00 209154
s b 0 1.78 0.0410 0.00 209164
s b 0 1.78 0.0410 0.00 209174
s b 0 1.77 0.0416 0.00 209184
s b 0 1.77 0.0416 0.00 209194
s b 0 1.77 0.0416 0.00 209204
s b 0 1.77 0.0416 0.00 209214
s b 0 1.76 0.0419 0.00 209224
s b 0 1.76 0.0419 0.00 209234
s b 0 1.77 0.0416 0.00 209244
s b 0 1.77 0.0416 0.00 209254
s b 0 1.77 0.0416 0.00 209264
s b 0 1.76 0.0419 0.00 209274
s b 0 1.76 0.0419 0.00 209284
s b 0 1.76 0.0419 0.00 209294
s b 0 1.76 0.0419 0.00 209304
s b 0 1.76 0.0419 0.00 209314
s b 0 1.76 0.0419 0.00 209324
s b 0 1.76 0.0419 0.00 209334
s b 0 1.76 0.0419 0.00 209344
s b 0 1.76 0.0419 0.00 209354
s b 0 1.76 0.0419 0.00 209364
s b 0 1.76 0.0419 0.00 209374
s b 0 1.76 0.0419 0.00 209384
s b 0 1.77 0.0416 0.00 209394
s b 0 1.77 0.0416 0.00 209404
s b 0 1.77 0.0416 0.00 209414
s b 0 1.78 0.0413 0.00 209424
s b 0 1.78 0.0413 0.00 209434
s b 0 1.78 0.0413 0.00 209444
s b 0 1.78 0.0410 0.00 209454
s b 0 1.78 0.0410 0.00 209464
s b 0 1.78 0.0413 0.00 209474
s b 0 1.78 0.0413 0.00 209484
s b 0 1.78 0.0413 0.00 209494
s b 0 1.78 0.0413 0.00 209504
s b 0 1.78 0.0413 0.00 209514
s b 0 1.78 0.0413 0.00 209524
s b 0 1.78 0.0413 0.00 209534
s b 0 1.78 0.0413 0.00 209544
s b 0 1.78 0.0413 0.00 209554
s b 0 1.78 0.0413 0.00 209564
s b 0 1.78 0.0413 0.00 209574
s b 0 1.77 0.0416 0.00 209584
s b 0 1.77 0.0416 0.00 209594
s b 0 1.77 0.0416 0.00 209604
s b 0 1.77 0.0416 0.00 209614
s b 0 1.77 0.0416 0.00 209624
s b 0 1.77 0.0416 0.00 209634
s b 0 1.77 0.0416 0.00 209644
s b 0 1.77 0.0416 0.00 209654
s b 0 1.77 0.0416 0.00 209664
s b 0 1.77 0.0416 0.00 209674
s b 0 1.77 0.0416 0.00 209684
s b 0 1.77 0.0416 0.00 209694
s b 0 1.77 0.0416 0.00 209704
s b 0 1.77 0.0416 0.00 209714
s b 0 1.77 0.0416 0.00 209724
s b 0 1.78 0.0413 0.00 209734
s b 0 1.78 0.0413 0.00 209744
s b 0 1.78 0.0413 0.00 209754
s b 0 1.78 0.0413 0.00 209764
s b 0 1.78 0.0413 0.00 209774
s b 0 1.78 0.0413 0.00 209784
s b 0 1.77 0.0416 0.00 209794
s b 0 1.77 0.0416 0.00 209804
s b 0 1.77 0.0416 0.00 209814
s b 0 1.77 0.0416 0.00 209824
s b 0 1.77 0.0416 0.00 209834
s b 0 1.77 0.0416 0.00 209844
s b 0 1.77 0.0416 0.00 209854
s b 0 1.76 0.0419 0.00 209864
s b 0 1.76 0.0419 0.00 209874
s b 0 1.77 0.0416 0.00 209884
s b 0 1.77 0.0416 0.00 209894
s b 0 1.77 0.0416 0.00 209904
s b 0 1.77 0.0416 0.00 209914
s b 0 1.77 0.0416 0.00 209924
s b 0 1.78 0.0413 0.00 209934
s b 0 1.78 0.0413 0.00 209944
s b 0 1.77 0.0416 0.00 209954
s b 0 1.77 0.0416 0.00 209964
s b 0 1.77 0.0416 0.00 209974
s b 0 1.77 0.0416 0.00 209984
s b 0 1.78 0.0413 0.00 209994
s b 0 1.77 0.0416 0.00 210004
s b 0 1.79 0.0406 0.00 210014
s b 0 1.79 0.0406 0.00 210024
s b 0 1.79 0.0406 0.00 210034
s b 0 1.79 0.0406 0.00 210044
s b 0 1.79 0.0406 0.00 210054
s b 0 1.79 0.0406 0.00 210064
s b 0 1.79 0.0406 0.00 210074
s b 0 1.78 0.0413 0.00 210084
s b 0 1.78 0.0413 0.00 210094
s b 0 1.76 0.0419 0.00 210104
s b 0 1.78 0.0413 0.00 210114
s b 0 1.76 0.0419 0.00 210124
s b 0 1.76 0.0419 0.00 210134
s b 0 1.76 0.0419 0.00 210144
s b 0 1.76 0.0419 0.00 210154
s b 0 1.76 0.0419 0.00 210164
s b 0 1.77 0.0416 0.00 210174
s b 0 1.76 0.0419 0.00 210184
s b 0 1.76 0.0419 0.00 210194
s b 0 1.76 0.0419 0.00 210204
s b 0 1.77 0.0416 0.00 210214
s b 0 1.77 0.0416 0.00 210224
s b 0 1.77 0.0416 0.00 210234
s b 0 1.77 0.0416 0.00 210244
s b 0 1.77 0.0416 0.00 210254
s b 0 1.77 0.0416 0.00 210264
s b 0 1.77 0.0416 0.00 210274
s b 0 1.77 0.0416 0.00 210284
s b 0 1.77 0.0416 0.00 210294
s b 0 1.78 0.0413 0.00 210304
s b 0 1.78 0.0413 0.00 210314
s b 0 1.78 0.0413 0.00 210324
s b 0 1.77 0.0416 0.00 210334
s b 0 1.77 0.0416 0.00 210344
s b 0 1.77 0.0416 0.00 210354
s b 0 1.79 0.0406 0.00 210364
s b 0 1.77 0.0416 0.00 210374
s b 0 1.77 0.0416 0.00 210384
s b 0 1.78 0.0413 0.00 210394
s b 0 1.79 0.0406 0.00 210404
s b 0 1.78 0.0413 0.00 210414
s b 0 1.78 0.0413 0.00 210424
s b 0 1.78 0.0413 0.00 210434
s b 0 1.78 0.0410 0.00 210444
s b 0 1.78 0.0410 0.00 210454
s b 0 1.79 0.0406 0.00 210464
s b 0 1.78 0.0410 0.00 210474
s b 0 1.79 0.0406 0.00 210484
s b 0 1.79 0.0406 0.00 210494
s b 0 1.79 0.0406 0.00 210504
s b 0 1.79 0.0406 0.00 210514
s b 0 1.79 0.0406 0.00 210524
s b 0 1.79 0.0406 0.00 210534
s b 0 1.79 0.0406 0.00 210544
s b 0 1.79 0.0406 0.00 210554
s b 0 1.80 0.0403 0.00 210564
s b 0 1.80 0.0403 0.00 210574
s b 0 1.80 0.0403 0.00 210584
s b 0 1.80 0.0400 0.00 210594
s b 0 1.80 0.0400 0.00 210604
s b 0 1.80 0.0403 0.00 210614
s b 0 1.80 0.0400 0.00 210624
s b 0 1.80 0.0400 0.00 210634
s b 0 1.80 0.0400 0.00 210644
s b 0 1.80 0.0403 0.00 210654
s b 0 1.80 0.0403 0.00 210664
s b 0 1.80 0.0403 0.00 210674
s b 0 1.80 0.0403 0.00 210684
s b 0 1.80 0.0403 0.00 210694
s b 0 1.78 0.0410 0.00 210704
s b 0 1.78 0.0410 0.00 210714
s b 0 1.80 0.0403 0.00 210724
s b 0 1.80 0.0403 0.00 210734
s b 0 1.78 0.0410 0.00 210744
s b 0 1.78 0.0413 0.00 210754
s b 0 1.78 0.0413 0.00 210764
s b 0 1.78 0.0413 0.00 210774
s b 0 1.78 0.0413 0.00 210784
s b 0 1.79 0.0406 0.00 210794
s b 0 1.78 0.0413 0.00 210804
s b 0 1.78 0.0413 0.00 210814
s b 0 1.79 0.0406 0.00 210824
s b 0 1.78 0.0413 0.00 210834
s b 0 1.78 0.0413 0.00 210844
s b 0 1.78 0.0413 0.00 210854
s b 0 1.79 0.0406 0.00 210864
s b 0 1.80 0.0403 0.00 210874
s b 0 1.79 0.0406 0.00 210884
s b 0 1.80 0.0403 0.00 210894
s b 0 1.78 0.0413 0.00 210904
s b 0 1.78 0.0413 0.00 210914
s b 0 1.78 0.0413 0.00 210924
s b 0 1.78 0.0413 0.00 210934
s b 0 1.78 0.0410 0.00 210944
s b 0 1.78 0.0410 0.00 210954
s b 0 1.78 0.0413 0.00 210964
s b 0 1.78 0.0413 0.00 210974
s b 0 1.77 0.0416 0.00 210984
s b 0 1.78 0.0413 0.00 210994
s b 0 1.78 0.0413 0.00 211004
s b 0 1.78 0.0413 0.00 211014
s b 0 1.78 0.0413 0.00 211024
s b 0 1.78 0.0413 0.00 211034
s b 0 1.78 0.0413 0.00 211044
s b 0 1.78 0.0413 0.00 211054
s b 0 1.78 0.0413 0.00 211064
s b 0 1.78 0.0413 0.00 211074
s b 0 1.78 0.0413 0.00 211084
s b 0 1.78 0.0413 0.00 211094
s b 0 1.79 0.0406 0.00 211104
s b 0 1.78 0.0413 0.00 211114
s b 0 1.78 0.0413 0.00 211124
s b 0 1.78 0.0413 0.00 211134
s b 0 1.76 0.0419 0.00 211144
s b 0 1.76 0.0419 0.00 211154
s b 0 1.76 0.0419 0.00 211164
s b 0 1.76 0.0419 0.00 211174
s b 0 1.76 0.0419 0.00 211184
s b 0 1.76 0.0419 0.00 211194
s b 0 1.76 0.0419 0.00 211204
s b 0 1.76 0.0419 0.00 211214
s b 0 1.77 0.0416 0.00 211224
s b 0 1.78 0.0413 0.00 211234
s b 0 1.78 0.0413 0.00 211244
s b 0 1.78 0.0410 0.00 211254
s b 0 1.78 0.0410 0.00 211264
s b 0 1.78 0.0413 0.00 211274
s b 0 1.78 0.0413 0.00 211284
s b 0 1.78 0.0413 0.00 211294
s b 0 1.78 0.0410 0.00 211304
s b 0 1.78 0.0410 0.00 211314
s b 0 1.78 0.0413 0.00 211324
s b 0 1.78 0.0413 0.00 211334
s b 0 1.78 0.0413 0.00 211344
s b 0 1.77 0.0416 0.00 211354
s b 0 1.77 0.0416 0.00 211364
s b 0 1.77 0.0416 0.00 211374
s b 0 1.77 0.0416 0.00 211384
s b 0 1.77 0.0416 0.00 211394
s b 0 1.77 0.0416 0.00 211404
s b 0 1.76 0.0419 0.00 211414
s b 0 1.76 0.0419 0.00 211424
s b 0 1.76 0.0419 0.00 211434
s b 0 1.76 0.0419 0.00 211444
s b 0 1.77 0.0416 0.00 211454
s b 0 1.77 0.0416 0.00 211464
s b 0 1.78 0.0413 0.00 211474
s b 0 1.77 0.0416 0.00 211484
s b 0 1.77 0.0416 0.00 211494
s b 0 1.77 0.0416 0.00 211504
s b 0 1.78 0.0413 0.00 211514
s b 0 1.78 0.0413 0.00 211524
s b 0 1.78 0.0413 0.00 211534
s b 0 1.78 0.0413 0.00 211544
s b 0 1.78 0.0413 0.00 211554
s b 0 1.78 0.0413 0.00 211564
s b 0 1.78 0.0413 0.00 211574
s b 0 1.78 0.0413 0.00 211584
s b 0 1.79 0.0406 0.00 211594
s b 0 1.79 0.0406 0.00 211604
s b 0 1.79 0.0406 0.00 211614
s b 0 1.79 0.0406 0.00 211624
s b 0 1.79 0.0406 0.00 211634
s b 0 1.79 0.0406 0.00 211644
s b 0 1.78 0.0413 0.00 211654
s b 0 1.78 0.0413 0.00 211664
s b 0 1.77 0.0416 0.00 211674
s b 0 1.76 0.0419 0.00 211684
s b 0 1.76 0.0419 0.00 211694
s b 0 1.76 0.0419 0.00 211704
s b 0 1.76 0.0419 0.00 211714
s b 0 1.76 0.0419 0.00 211724
s b 0 1.76 0.0419 0.00 211734
s b 0 1.76 0.0419 0.00 211744
s b 0 1.76 0.0419 0.00 211754
s b 0 1.77 0.0416 0.00 211764
s b 0 1.77 0.0416 0.00 211774
s b 0 1.77 0.0416 0.00 211784
s b 0 1.77 0.0416 0.00 211794
s b 0 1.77 0.0416 0.00 211804
s b 0 1.77 0.0416 0.00 211814
s b 0 1.77 0.0416 0.00 211824
s b 0 1.77 0.0416 0.00 211834
s b 0 1.78 0.0413 0.00 211844
s b 0 1.78 0.0413 0.00 211854
s b 0 1.78 0.0413 0.00 211864
s b 0 1.78 0.0410 0.00 211874
s b 0 1.78 0.0413 0.00 211884
s b 0 1.78 0.0410 0.00 211894
s b 0 1.78 0.0410 0.00 211904
s b 0 1.78 0.0413 0.00 211914
s b 0 1.78 0.0413 0.00 211924
s b 0 1.78 0.0413 0.00 211934
s b 0 1.77 0.0416 0.00 211944
s b 0 1.77 0.0416 0.00 211954
s b 0 1.77 0.0416 0.00 211964
s b 0 1.77 0.0416 0.00 211974
s b 0 1.77 0.0416 0.00 211984
s b 0 1.78 0.0413 0.00 211994
s b 0 1.77 0.0416 0.00 212004
s b 0 1.77 0.0416 0.00 212014
s b 0 1.78 0.0413 0.00 212024
s b 0 1.78 0.0413 0.00 212034
s b 0 1.78 0.0413 0.00 212044
s b 0 1.78 0.0413 0.00 212054
s b 0 1.78 0.0413 0.00 212064
s b 0 1.78 0.0413 0.00 212074
s b 0 1.77 0.0416 0.00 212084
s b 0 1.77 0.0416 0.00 212094
s b 0 1.77 0.0416 0.00 212104
s b 0 1.77 0.0416 0.00 212114
s b 0 1.77 0.0416 0.00 212124
s b 0 1.77 0.0416 0.00 212134
s b 0 1.77 0.0416 0.00 212144
s b 0 1.77 0.0416 0.00 212154
s b 0 1.78 0.0413 0.00 212164
s b 0 1.78 0.0413 0.00 212174
s b 0 1.78 0.0413 0.00 212184
s b 0 1.78 0.0413 0.00 212194
s b 0 1.78 0.0413 0.00 212204
s b 0 1.78 0.0413 0.00 212214
s b 0 1.78 0.0413 0.00 212224
s b 0 1.78 0.0413 0.00 212234
s b 0 1.77 0.0416 0.00 212244
s b 0 1.77 0.0416 0.00 212254
s b 0 1.76 0.0419 0.00 212264
s b 0 1.76 0.0419 0.00 212274
s b 0 1.76 0.0419 0.00 212284
s b 0 1.76 0.0419 0.00 212294
s b 0 1.76 0.0419 0.00 212304
s b 0 1.76 0.0419 0.00 212314
s b 0 1.77 0.0416 0.00 212324
s b 0 1.77 0.0416 0.00 212334
s b 0 1.77 0.0416 0.00 212344
s b 0 1.78 0.0413 0.00 212354
s b 0 1.78 0.0410 0.00 212364
s b 0 1.79 0.0406 0.00 212374
s b 0 1.79 0.0406 0.00 212384
s b 0 1.79 0.0406 0.00 212394
s b 0 1.79 0.0406 0.00 212404
s b 0 1.79 0.0406 0.00 212414
s b 0 1.79 0.0406 0.00 212424
s b 0 1.79 0.0406 0.00 212434
s b 0 1.78 0.0410 0.00 212444
s b 0 1.78 0.0413 0.00 212454
s b 0 1.78 0.0413 0.00 212464
s b 0 1.76 0.0419 0.00 212474
s b 0 1.76 0.0419 0.00 212484
s b 0 1.76 0.0419 0.00 212494
s b 0 1.76 0.0419 0.00 212504
s b 0 1.76 0.0419 0.00 212514
s b 0 1.76 0.0419 0.00 212524
s b 0 1.76 0.0419 0.00 212534
s b 0 1.76 0.0422 0.00 212544
s b 0 1.76 0.0422 0.00 212554
s b 0 1.76 0.0419 0.00 212564
s b 0 1.76 0.0419 0.00 212574
s b 0 1.76 0.0419 0.00 212584
s b 0 1.77 0.0416 0.00 212594
s b 0 1.77 0.0416 0.00 212604
s b 0 1.76 0.0419 0.00 212614
s b 0 1.76 0.0419 0.00 212624
s b 0 1.76 0.0419 0.00 212634
s b 0 1.76 0.0419 0.00 212644
s b 0 1.77 0.0416 0.00 212654
s b 0 1.77 0.0416 0.00 212664
s b 0 1.77 0.0416 0.00 212674
s b 0 1.77 0.0416 0.00 212684
s b 0 1.78 0.0413 0.00 212694
s b 0 1.77 0.0416 0.00 212704
s b 0 1.77 0.0416 0.00 212714
s b 0 1.78 0.0413 0.00 212724
s b 0 1.78 0.0410 0.00 212734
s b 0 1.78 0.0413 0.00 212744
s b 0 1.78 0.0413 0.00 212754
s b 0 1.78 0.0413 0.00 212764
s b 0 1.78 0.0413 0.00 212774
s b 0 1.77 0.0416 0.00 212784
s b 0 1.77 0.0416 0.00 212794
s b 0 1.77 0.0416 0.00 212804
s b 0 1.77 0.0416 0.00 212814
s b 0 1.77 0.0416 0.00 212824
s b 0 1.77 0.0416 0.00 212834
s b 0 1.77 0.0416 0.00 212844
s b 0 1.77 0.0416 0.00 212854
s b 0 1.77 0.0416 0.00 212864
s b 0 1.77 0.0416 0.00 212874
s b 0 1.77 0.0416 0.00 212884
s b 0 1.77 0.0416 0.00 212894
s b 0 1.77 0.0416 0.00 212904
s b 0 1.77 0.0416 0.00 212914
s b 0 1.77 0.0416 0.00 212924
s b 0 1.77 0.0416 0.00 212934
s b 0 1.77 0.0416 0.00 212944
s b 0 1.77 0.0416 0.00 212954
s b 0 1.78 0.0413 0.00 212964
s b 0 1.77 0.0416 0.00 212974
s b 0 1.77 0.0416 0.00 212984
s b 0 1.77 0.0416 0.00 212994
s b 0 1.77 0.0416 0.00 213004
s b 0 1.77 0.0416 0.00 213014
s b 0 1.78 0.0413 0.00 213024
s b 0 1.78 0.0413 0.00 213034
s b 0 1.77 0.0416 0.00 213044
s b 0 1.77 0.0416 0.00 213054
s b 0 1.77 0.0416 0.00 213064
s b 0 1.77 0.0416 0.00 213074
s b 0 1.77 0.0416 0.00 213084
s b 0 1.76 0.0419 0.00 213094
s b 0 1.77 0.0416 0.00 213104
s b 0 1.77 0.0416 0.00 213114
s b 0 1.76 0.0419 0.00 213124
s b 0 1.76 0.0419 0.00 213134
s b 0 1.76 0.0419 0.00 213144
s b 0 1.77 0.0416 0.00 213154
s b 0 1.77 0.0416 0.00 213164
s b 0 1.76 0.0419 0.00 213174
s b 0 1.77 0.0416 0.00 213184
s b 0 1.77 0.0416 0.00 213194
s b 0 1.78 0.0413 0.00 213204
s b 0 1.78 0.0413 0.00 213214
s b 0 1.78 0.0413 0.00 213224
s b 0 1.78 0.0410 0.00 213234
s b 0 1.78 0.0410 0.00 213244
s b 0 1.78 0.0410 0.00 213254
s b 0 1.78 0.0413 0.00 213264
s b 0 1.78 0.0413 0.00 213274
s b 0 1.78 0.0413 0.00 213284
s b 0 1.77 0.0416 0.00 213294
s b 0 1.77 0.0416 0.00 213304
s b 0 1.77 0.0416 0.00 213314
s b 0 1.77 0.0416 0.00 213324
s b 0 1.77 0.0416 0.00 213334
s b 0 1.77 0.0416 0.00 213344
s b 0 1.76 0.0419 0.00 213354
s b 0 1.77 0.0416 0.00 213364
s b 0 1.77 0.0416 0.00 213374
s b 0 1.77 0.0416 0.00 213384
s b 0 1.77 0.0416 0.00 213394
s b 0 1.77 0.0416 0.00 213404
s b 0 1.77 0.0416 0.00 213414
s b 0 1.77 0.0416 0.00 213424
s b 0 1.77 0.0416 0.00 213434
s b 0 1.77 0.0416 0.00 213444
s b 0 1.77 0.0416 0.00 213454
s b 0 1.78 0.0413 0.00 213464
s b 0 1.77 0.0416 0.00 213474
s b 0 1.77 0.0416 0.00 213484
s b 0 1.77 0.0416 0.00 213494
s b 0 1.77 0.0416 0.00 213504
s b 0 1.77 0.0416 0.00 213514
s b 0 1.77 0.0416 0.00 213524
s b 0 1.78 0.0413 0.00 213534
s b 0 1.77 0.0416 0.00 213544
s b 0 1.77 0.0416 0.00 213554
s b 0 1.76 0.0419 0.00 213564
s b 0 1.76 0.0419 0.00 213574
s b 0 1.76 0.0419 0.00 213584
s b 0 1.76 0.0419 0.00 213594
s b 0 1.76 0.0419 0.00 213604
s b 0 1.78 0.0413 0.00 213614
s b 0 1.78 0.0413 0.00 213624
s b 0 1.78 0.0413 0.00 213634
s b 0 1.78 0.0413 0.00 213644
s b 0 1.78 0.0413 0.00 213654
s b 0 1.78 0.0413 0.00 213664
s b 0 1.78 0.0413 0.00 213674
s b 0 1.78 0.0413 0.00 213684
s b 0 1.78 0.0413 0.00 213694
s b 0 1.78 0.0413 0.00 213704
s b 0 1.78 0.0413 0.00 213714
s b 0 1.78 0.0413 0.00 213724
s b 0 1.78 0.0413 0.00 213734
s b 0 1.78 0.0413 0.00 213744
s b 0 1.78 0.0413 0.00 213754
s b 0 1.78 0.0413 0.00 213764
s b 0 1.77 0.0416 0.00 213774
s b 0 1.77 0.0416 0.00 213784
s b 0 1.77 0.0416 0.00 213794
s b 0 1.77 0.0416 0.00 213804
s b 0 1.77 0.0416 0.00 213814
s b 0 1.77 0.0416 0.00 213824
s b 0 1.77 0.0416 0.00 213834
s b 0 1.77 0.0416 0.00 213844
s b 0 1.77 0.0416 0.00 213854
s b 0 1.77 0.0416 0.00 213864
s b 0 1.77 0.0416 0.00 213874
s b 0 1.77 0.0416 0.00 213884
s b 0 1.77 0.0416 0.00 213894
s b 0 1.77 0.0416 0.00 213904
s b 0 1.77 0.0416 0.00 213914
s b 0 1.77 0.0416 0.00 213924
s b 0 1.77 0.0416 0.00 213934
s b 0 1.77 0.0416 0.00 213944
s b 0 1.77 0.0416 0.00 213954
s b 0 1.77 0.0416 0.00 213964
s b 0 1.78 0.0413 0.00 213974
s b 0 1.78 0.0413 0.00 213984
s b 0 1.78 0.0413 0.00 213994
s b 0 1.78 0.0413 0.00 214004
s b 0 1.78 0.0413 0.00 214014
s b 0 1.78 0.0413 0.00 214024
s b 0 1.78 0.0413 0.00 214034
s b 0 1.78 0.0410 0.00 214044
s b 0 1.78 0.0410 0.00 214054
s b 0 1.78 0.0410 0.00 214064
s b 0 1.78 0.0413 0.00 214074
s b 0 1.78 0.0413 0.00 214084
s b 0 1.77 0.0416 0.00 214094
s b 0 1.76 0.0419 0.00 214104
s b 0 1.76 0.0419 0.00 214114
s b 0 1.76 0.0419 0.00 214124
s b 0 1.76 0.0419 0.00 214134
s b 0 1.76 0.0419 0.00 214144
s b 0 1.76 0.0419 0.00 214154
s b 0 1.76 0.0419 0.00 214164
s b 0 1.76 0.0419 0.00 214174
s b 0 1.76 0.0419 0.00 214184
s b 0 1.77 0.0416 0.00 214194
s b 0 1.78 0.0413 0.00 214204
s b 0 1.78 0.0413 0.00 214214
s b 0 1.78 0.0413 0.00 214224
ack
s b 0 1.78 0.5413 10.00 214234
s b 0 1.78 0.5413 10.00 214244
s b 0 1.78 0.5413 10.00 214254
s b 0 4.91 0.3846 10.00 214264
s b 0 4.91 0.3846 10.00 214274
s b 0 4.91 0.3846 10.00 214284
s b 0 4.91 0.3846 10.00 214294
s b 0 4.91 0.3846 10.00 214304
s b 0 9.34 0.1629 10.00 214314
s b 0 9.34 0.1629 10.00 214324
s b 0 9.34 0.1629 10.00 214334
s b 0 9.34 0.1629 10.00 214344
s b 0 9.34 0.1629 10.00 214354
s b 0 9.34 0.1629 10.00 214364
s b 0 9.34 0.1629 10.00 214374
s b 0 9.33 0.1636 10.00 214384
s b 0 9.20 0.1701 10.00 214394
s b 0 8.98 0.1811 10.00 214404
s b 0 8.78 0.1913 10.00 214414
s b 0 8.51 0.2044 10.00 214424
s b 0 8.38 0.2112 10.00 214434
s b 0 8.18 0.2210 10.00 214444
s b 0 8.17 0.2216 10.00 214454
s b 0 8.17 0.2216 10.00 214464
s b 0 8.17 0.2216 10.00 214474
s b 0 8.17 0.2216 10.00 214484
s b 0 8.17 0.2216 10.00 214494
s b 0 8.17 0.2216 10.00 214504
s b 0 8.21 0.2197 10.00 214514
s b 0 8.37 0.2118 10.00 214524
s b 0 8.46 0.2069 10.00 214534
s b 0 8.53 0.2038 10.00 214544
s b 0 8.63 0.1988 10.00 214554
s b 0 8.68 0.1963 10.00 214564
s b 0 8.76 0.1919 10.00 214574
s b 0 8.76 0.1919 10.00 214584
s b 0 8.76 0.1919 10.00 214594
s b 0 8.76 0.1919 10.00 214604
s b 0 8.76 0.1919 10.00 214614
s b 0 8.76 0.1919 10.00 214624
s b 0 8.69 0.1957 10.00 214634
s b 0 8.66 0.1969 10.00 214644
s b 0 8.59 0.2007 10.00 214654
s b 0 8.58 0.2013 10.00 214664
s b 0 8.49 0.2057 10.00 214674
s b 0 8.49 0.2057 10.00 214684
s b 0 8.49 0.2057 10.00 214694
s b 0 8.46 0.2069 10.00 214704
s b 0 8.46 0.2069 10.00 214714
s b 0 8.46 0.2069 10.00 214724
s b 0 8.46 0.2069 10.00 214734
s b 0 8.48 0.2063 10.00 214744
s b 0 8.49 0.2057 10.00 214754
s b 0 8.50 0.2050 10.00 214764
s b 0 8.56 0.2019 10.00 214774
s b 0 8.56 0.2019 10.00 214784
s b 0 8.59 0.2007 10.00 214794
s b 0 8.59 0.2007 10.00 214804
s b 0 8.59 0.2007 10.00 214814
s b 0 8.60 0.2001 10.00 214824
s b 0 8.60 0.2001 10.00 214834
s b 0 8.60 0.2001 10.00 214844
s b 0 8.60 0.2001 10.00 214854
s b 0 8.60 0.2001 10.00 214864
s b 0 8.60 0.2001 10.00 214874
s b 0 8.60 0.2001 10.00 214884
s b 0 8.56 0.2019 10.00 214894
s b 0 8.56 0.2019 10.00 214904
s b 0 8.55 0.2026 10.00 214914
s b 0 8.55 0.2026 10.00 214924
s b 0 8.55 0.2026 10.00 214934
s b 0 8.56 0.2019 10.00 214944
s b 0 8.56 0.2019 10.00 214954
s b 0 8.56 0.2019 10.00 214964
s b 0 8.55 0.2026 10.00 214974
s b 0 8.55 0.2026 10.00 214984
s b 0 8.56 0.2019 10.00 214994
s b 0 8.56 0.2019 10.00 215004
s b 0 8.56 0.2019 10.00 215014
s b 0 8.56 0.2019 10.00 215024
s b 0 8.56 0.2019 10.00 215034
s b 0 8.56 0.2019 10.00 215044
s b 0 8.56 0.2019 10.00 215054
s b 0 8.58 0.2013 10.00 215064
s b 0 8.58 0.2013 10.00 215074
s b 0 8.58 0.2013 10.00 215084
s b 0 8.58 0.2013 10.00 215094
s b 0 8.58 0.2013 10.00 215104
s b 0 8.58 0.2013 10.00 215114
s b 0 8.58 0.2013 10.00 215124
s b 0 8.58 0.2013 10.00 215134
s b 0 8.56 0.2019 10.00 215144
s b 0 8.56 0.2019 10.00 215154
s b 0 8.56 0.2019 10.00 215164
s b 0 8.55 0.2026 10.00 215174
s b 0 8.55 0.2026 10.00 215184
s b 0 8.56 0.2019 10.00 215194
s b 0 8.56 0.2019 10.00 215204
s b 0 8.56 0.2019 10.00 215214
s b 0 8.56 0.2019 10.00 215224
s b 0 8.56 0.2019 10.00 215234
s b 0 8.58 0.2013 10.00 215244
s b 0 8.58 0.2013 10.00 215254
s b 0 8.58 0.2013 10.00 215264
s b 0 8.58 0.2013 10.00 215274
s b 0 8.58 0.2013 10.00 215284
s b 0 8.58 0.2013 10.00 215294
s b 0 8.58 0.2013 10.00 215304
s b 0 8.58 0.2013 10.00 215314
s b 0 8.58 0.2013 10.00 215324
s b 0 8.58 0.2013 10.00 215334
s b 0 8.58 0.2013 10.00 215344
s b 0 8.58 0.2013 10.00 215354
s b 0 8.58 0.2013 10.00 215364
s b 0 8.60 0.2001 10.00 215374
s b 0 8.60 0.2001 10.00 215384
s b 0 8.60 0.2001 10.00 215394
s b 0 8.60 0.2001 10.00 215404
s b 0 8.60 0.2001 10.00 215414
s b 0 8.60 0.2001 10.00 215424
s b 0 8.60 0.2001 10.00 215434
s b 0 8.59 0.2007 10.00 215444
s b 0 8.58 0.2013 10.00 215454
s b 0 8.58 0.2013 10.00 215464
s b 0 8.58 0.2013 10.00 215474
s b 0 8.56 0.2019 10.00 215484
s b 0 8.56 0.2019 10.00 215494
s b 0 8.56 0.2019 10.00 215504
s b 0 8.54 0.2032 10.00 215514
s b 0 8.56 0.2019 10.00 215524
s b 0 8.56 0.2019 10.00 215534
s b 0 8.56 0.2019 10.00 215544
s b 0 8.56 0.2019 10.00 215554
s b 0 8.56 0.2019 10.00 215564
s b 0 8.56 0.2019 10.00 215574
s b 0 8.56 0.2019 10.00 215584
s b 0 8.58 0.2013 10.00 215594
s b 0 8.58 0.2013 10.00 215604
s b 0 8.58 0.2013 10.00 215614
s b 0 8.59 0.2007 10.00 215624
s b 0 8.59 0.2007 10.00 215634
s b 0 8.59 0.2007 10.00 215644
s b 0 8.59 0.2007 10.00 215654
s b 0 8.59 0.2007 10.00 215664
s b 0 8.59 0.2007 10.00 215674
s b 0 8.59 0.2007 10.00 215684
s b 0 8.59 0.2007 10.00 215694
s b 0 8.59 0.2007 10.00 215704
s b 0 8.59 0.2007 10.00 215714
s b 0 8.58 0.2013 10.00 215724
s b 0 8.56 0.2019 10.00 215734
s b 0 8.56 0.2019 10.00 215744
s b 0 8.56 0.2019 10.00 215754
s b 0 8.56 0.2019 10.00 215764
s b 0 8.58 0.2013 10.00 215774
s b 0 8.59 0.2007 10.00 215784
s b 0 8.59 0.2007 10.00 215794
s b 0 8.59 0.2007 10.00 215804
s b 0 8.59 0.2007 10.00 215814
s b 0 8.58 0.2013 10.00 215824
s b 0 8.59 0.2007 10.00 215834
s b 0 8.59 0.2007 10.00 215844
s b 0 8.59 0.2007 10.00 215854
s b 0 8.59 0.2007 10.00 215864
s b 0 8.58 0.2013 10.00 215874
s b 0 8.58 0.2013 10.00 215884
s b 0 8.56 0.2019 10.00 215894
s b 0 8.58 0.2013 10.00 215904
s b 0 8.56 0.2019 10.00 215914
s b 0 8.56 0.2019 10.00 215924
s b 0 8.56 0.2019 10.00 215934
s b 0 8.56 0.2019 10.00 215944
s b 0 8.58 0.2013 10.00 215954
s b 0 8.58 0.2013 10.00 215964
s b 0 8.58 0.2013 10.00 215974
s b 0 8.58 0.2013 10.00 215984
s b 0 8.58 0.2013 10.00 215994
s b 0 8.58 0.2013 10.00 216004
s b 0 8.58 0.2013 10.00 216014
s b 0 8.58 0.2013 10.00 216024
s b 0 8.59 0.2007 10.00 216034
s b 0 8.58 0.2013 10.00 216044
s b 0 8.58 0.2013 10.00 216054
s b 0 8.58 0.2013 10.00 216064
s b 0 8.58 0.2013 10.00 216074
s b 0 8.58 0.2013 10.00 216084
s b 0 8.58 0.2013 10.00 216094
s b 0 8.58 0.2013 10.00 216104
s b 0 8.58 0.2013 10.00 216114
s b 0 8.58 0.2013 10.00 216124
s b 0 8.58 0.2013 10.00 216134
s b 0 8.58 0.2013 10.00 216144
s b 0 8.58 0.2013 10.00 216154
s b 0 8.58 0.2013 10.00 216164
s b 0 8.58 0.2013 10.00 216174
s b 0 8.58 0.2013 10.00 216184
s b 0 8.58 0.2013 10.00 216194
s b 0 8.58 0.2013 10.00 216204
s b 0 8.58 0.2013 10.00 216214
s b 0 8.58 0.2013 10.00 216224
s b 0 8.58 0.2013 10.00 216234
s b 0 8.58 0.2013 10.00 216244
s b 0 8.58 0.2013 10.00 216254
s b 0 8.58 0.2013 10.00 216264
s b 0 8.58 0.2013 10.00 216274
s b 0 8.58 0.2013 10.00 216284
s b 0 8.58 0.2013 10.00 216294
s b 0 8.58 0.2013 10.00 216304
s b 0 8.59 0.2007 10.00 216314
s b 0 8.59 0.2007 10.00 216324
s b 0 8.56 0.2019 10.00 216334
s b 0 8.56 0.2019 10.00 216344
s b 0 8.56 0.2019 10.00 216354
s b 0 8.56 0.2019 10.00 216364
s b 0 8.56 0.2019 10.00 216374
s b 0 8.59 0.2007 10.00 216384
s b 0 8.59 0.2007 10.00 216394
s b 0 8.59 0.2007 10.00 216404
s b 0 8.59 0.2007 10.00 216414
s b 0 8.59 0.2007 10.00 216424
s b 0 8.59 0.2007 10.00 216434
s b 0 8.59 0.2007 10.00 216444
s b 0 8.59 0.2007 10.00 216454
s b 0 8.59 0.2007 10.00 216464
s b 0 8.60 0.2001 10.00 216474
s b 0 8.60 0.2001 10.00 216484
s b 0 8.59 0.2007 10.00 216494
s b 0 8.58 0.2013 10.00 216504
s b 0 8.58 0.2013 10.00 216514
s b 0 8.58 0.2013 10.00 216524
s b 0 8.58 0.2013 10.00 216534
s b 0 8.58 0.2013 10.00 216544
s b 0 8.58 0.2013 10.00 216554
s b 0 8.56 0.2019 10.00 216564
s b 0 8.56 0.2019 10.00 216574
s b 0 8.56 0.2019 10.00 216584
s b 0 8.58 0.2013 10.00 216594
s b 0 8.56 0.2019 10.00 216604
s b 0 8.58 0.2013 10.00 216614
s b 0 8.56 0.2019 10.00 216624
s b 0 8.56 0.2019 10.00 216634
s b 0 8.56 0.2019 10.00 216644
s b 0 8.58 0.2013 10.00 216654
s b 0 8.58 0.2013 10.00 216664
s b 0 8.59 0.2007 10.00 216674
s b 0 8.59 0.2007 10.00 216684
s b 0 8.59 0.2007 10.00 216694
s b 0 8.59 0.2007 10.00 216704
s b 0 8.59 0.2007 10.00 216714
s b 0 8.59 0.2007 10.00 216724
s b 0 8.59 0.2007 10.00 216734
s b 0 8.59 0.2007 10.00 216744
s b 0 8.59 0.2007 10.00 216754
s b 0 8.59 0.2007 10.00 216764
s b 0 8.59 0.2007 10.00 216774
s b 0 8.59 0.2007 10.00 216784
s b 0 8.58 0.2013 10.00 216794
s b 0 8.58 0.2013 10.00 216804
s b 0 8.58 0.2013 10.00 216814
s b 0 8.58 0.2013 10.00 216824
s b 0 8.58 0.2013 10.00 216834
s b 0 8.55 0.2026 10.00 216844
s b 0 8.54 0.2032 10.00 216854
s b 0 8.55 0.2026 10.00 216864
s b 0 8.54 0.2032 10.00 216874
s b 0 8.54 0.2032 10.00 216884
s b 0 8.54 0.2032 10.00 216894
s b 0 8.54 0.2032 10.00 216904
s b 0 8.55 0.2026 10.00 216914
s b 0 8.56 0.2019 10.00 216924
s b 0 8.58 0.2013 10.00 216934
s b 0 8.59 0.2007 10.00 216944
s b 0 8.60 0.2001 10.00 216954
s b 0 8.60 0.2001 10.00 216964
s b 0 8.60 0.2001 10.00 216974
s b 0 8.61 0.1994 10.00 216984
s b 0 8.61 0.1994 10.00 216994
s b 0 8.61 0.1994 10.00 217004
s b 0 8.61 0.1994 10.00 217014
s b 0 8.60 0.2001 10.00 217024
s b 0 8.60 0.2001 10.00 217034
s b 0 8.59 0.2007 10.00 217044
s b 0 8.58 0.2013 10.00 217054
s b 0 8.58 0.2013 10.00 217064
s b 0 8.56 0.2019 10.00 217074
s b 0 8.56 0.2019 10.00 217084
s b 0 8.56 0.2019 10.00 217094
s b 0 8.56 0.2019 10.00 217104
s b 0 8.56 0.2019 10.00 217114
s b 0 8.56 0.2019 10.00 217124
s b 0 8.56 0.2019 10.00 217134
s b 0 8.56 0.2019 10.00 217144
s b 0 8.55 0.2026 10.00 217154
s b 0 8.56 0.2019 10.00 217164
s b 0 8.58 0.2013 10.00 217174
s b 0 8.59 0.2007 10.00 217184
s b 0 8.59 0.2007 10.00 217194
s b 0 8.60 0.2001 10.00 217204
s b 0 8.59 0.2007 10.00 217214
s b 0 8.59 0.2007 10.00 217224
s b 0 8.59 0.2007 10.00 217234
s b 0 8.59 0.2007 10.00 217244
s b 0 8.56 0.2019 10.00 217254
s b 0 8.58 0.2013 10.00 217264
s b 0 8.58 0.2013 10.00 217274
s b 0 8.58 0.2013 10.00 217284
s b 0 8.58 0.2013 10.00 217294
s b 0 8.58 0.2013 10.00 217304
s b 0 8.56 0.2019 10.00 217314
s b 0 8.58 0.2013 10.00 217324
s b 0 8.58 0.2013 10.00 217334
s b 0 8.58 0.2013 10.00 217344
s b 0 8.59 0.2007 10.00 217354
s b 0 8.59 0.2007 10.00 217364
s b 0 8.59 0.2007 10.00 217374
s b 0 8.59 0.2007 10.00 217384
s b 0 8.59 0.2007 10.00 217394
s b 0 8.58 0.2013 10.00 217404
s b 0 8.58 0.2013 10.00 217414
s b 0 8.58 0.2013 10.00 217424
s b 0 8.58 0.2013 10.00 217434
s b 0 8.58 0.2013 10.00 217444
s b 0 8.58 0.2013 10.00 217454
s b 0 8.58 0.2013 10.00 217464
s b 0 8.55 0.2026 10.00 217474
s b 0 8.55 0.2026 10.00 217484
s b 0 8.55 0.2026 10.00 217494
s b 0 8.55 0.2026 10.00 217504
s b 0 8.55 0.2026 10.00 217514
s b 0 8.56 0.2019 10.00 217524
s b 0 8.56 0.2019 10.00 217534
s b 0 8.58 0.2013 10.00 217544
s b 0 8.59 0.2007 10.00 217554
s b 0 8.59 0.2007 10.00 217564
s b 0 8.59 0.2007 10.00 217574
s b 0 8.59 0.2007 10.00 217584
s b 0 8.59 0.2007 10.00 217594
s b 0 8.59 0.2007 10.00 217604
s b 0 8.59 0.2007 10.00 217614
s b 0 8.59 0.2007 10.00 217624
s b 0 8.58 0.2013 10.00 217634
s b 0 8.58 0.2013 10.00 217644
s b 0 8.55 0.2026 10.00 217654
s b 0 8.55 0.2026 10.00 217664
s b 0 8.55 0.2026 10.00 217674
s b 0 8.55 0.2026 10.00 217684
s b 0 8.55 0.2026 10.00 217694
s b 0 8.55 0.2026 10.00 217704
s b 0 8.55 0.2026 10.00 217714
s b 0 8.55 0.2026 10.00 217724
s b 0 8.58 0.2013 10.00 217734
s b 0 8.58 0.2013 10.00 217744
s b 0 8.59 0.2007 10.00 217754
s b 0 8.60 0.2001 10.00 217764
s b 0 8.60 0.2001 10.00 217774
s b 0 8.60 0.2001 10.00 217784
s b 0 8.59 0.2007 10.00 217794
s b 0 8.59 0.2007 10.00 217804
s b 0 8.59 0.2007 10.00 217814
s b 0 8.59 0.2007 10.00 217824
s b 0 8.59 0.2007 10.00 217834
s b 0 8.59 0.2007 10.00 217844
s b 0 8.59 0.2007 10.00 217854
s b 0 8.58 0.2013 10.00 217864
s b 0 8.56 0.2019 10.00 217874
s b 0 8.58 0.2013 10.00 217884
s b 0 8.58 0.2013 10.00 217894
s b 0 8.56 0.2019 10.00 217904
s b 0 8.56 0.2019 10.00 217914
s b 0 8.56 0.2019 10.00 217924
s b 0 8.56 0.2019 10.00 217934
s b 0 8.56 0.2019 10.00 217944
s b 0 8.56 0.2019 10.00 217954
s b 0 8.56 0.2019 10.00 217964
s b 0 8.56 0.2019 10.00 217974
s b 0 8.59 0.2007 10.00 217984
s b 0 8.56 0.2019 10.00 217994
s b 0 8.56 0.2019 10.00 218004
s b 0 8.59 0.2007 10.00 218014
s b 0 8.59 0.2007 10.00 218024
s b 0 8.59 0.2007 10.00 218034
s b 0 8.59 0.2007 10.00 218044
s b 0 8.59 0.2007 10.00 218054
s b 0 8.59 0.2007 10.00 218064
s b 0 8.59 0.2007 10.00 218074
s b 0 8.58 0.2013 10.00 218084
s b 0 8.56 0.2019 10.00 218094
s b 0 8.58 0.2013 10.00 218104
s b 0 8.59 0.2007 10.00 218114
s b 0 8.58 0.2013 10.00 218124
s b 0 8.60 0.2001 10.00 218134
s b 0 8.60 0.2001 10.00 218144
s b 0 8.58 0.2013 10.00 218154
s b 0 8.58 0.2013 10.00 218164
s b 0 8.56 0.2019 10.00 218174
s b 0 8.58 0.2013 10.00 218184
s b 0 8.58 0.2013 10.00 218194
s b 0 8.58 0.2013 10.00 218204
s b 0 8.58 0.2013 10.00 218214
s b 0 8.58 0.2013 10.00 218224
s b 0 8.58 0.2013 10.00 218234
s b 0 8.58 0.2013 10.00 218244
s b 0 8.58 0.2013 10.00 218254
s b 0 8.58 0.2013 10.00 218264
s b 0 8.56 0.2019 10.00 218274
s b 0 8.58 0.2013 10.00 218284
s b 0 8.58 0.2013 10.00 218294
s b 0 8.56 0.2019 10.00 218304
s b 0 8.58 0.2013 10.00 218314
s b 0 8.58 0.2013 10.00 218324
s b 0 8.58 0.2013 10.00 218334
s b 0 8.58 0.2013 10.00 218344
s b 0 8.58 0.2013 10.00 218354
s b 0 8.58 0.2013 10.00 218364
s b 0 8.58 0.2013 10.00 218374
s b 0 8.58 0.2013 10.00 218384
s b 0 8.58 0.2013 10.00 218394
s b 0 8.58 0.2013 10.00 218404
s b 0 8.58 0.2013 10.00 218414
s b 0 8.58 0.2013 10.00 218424
s b 0 8.58 0.2013 10.00 218434
s b 0 8.58 0.2013 10.00 218444
s b 0 8.58 0.2013 10.00 218454
s b 0 8.59 0.2007 10.00 218464
s b 0 8.59 0.2007 10.00 218474
s b 0 8.58 0.2013 10.00 218484
s b 0 8.59 0.2007 10.00 218494
s b 0 8.58 0.2013 10.00 218504
s b 0 8.58 0.2013 10.00 218514
s b 0 8.59 0.2007 10.00 218524
s b 0 8.59 0.2007 10.00 218534
s b 0 8.59 0.2007 10.00 218544
s b 0 8.59 0.2007 10.00 218554
s b 0 8.59 0.2007 10.00 218564
s b 0 8.59 0.2007 10.00 218574
s b 0 8.59 0.2007 10.00 218584
s b 0 8.59 0.2007 10.00 218594
s b 0 8.59 0.2007 10.00 218604
s b 0 8.59 0.2007 10.00 218614
s b 0 8.58 0.2013 10.00 218624
s b 0 8.56 0.2019 10.00 218634
s b 0 8.56 0.2019 10.00 218644
s b 0 8.56 0.2019 10.00 218654
s b 0 8.56 0.2019 10.00 218664
s b 0 8.56 0.2019 10.00 218674
s b 0 8.56 0.2019 10.00 218684
s b 0 8.58 0.2013 10.00 218694
s b 0 8.58 0.2013 10.00 218704
s b 0 8.56 0.2019 10.00 218714
s b 0 8.58 0.2013 10.00 218724
s b 0 8.56 0.2019 10.00 218734
s b 0 8.58 0.2013 10.00 218744
s b 0 8.56 0.2019 10.00 218754
s b 0 8.56 0.2019 10.00 218764
s b 0 8.58 0.2013 10.00 218774
s b 0 8.58 0.2013 10.00 218784
s b 0 8.58 0.2013 10.00 218794
s b 0 8.56 0.2019 10.00 218804
s b 0 8.56 0.2019 10.00 218814
s b 0 8.56 0.2019 10.00 218824
s b 0 8.56 0.2019 10.00 218834
s b 0 8.56 0.2019 10.00 218844
s b 0 8.56 0.2019 10.00 218854
s b 0 8.56 0.2019 10.00 218864
s b 0 8.56 0.2019 10.00 218874
s b 0 8.56 0.2019 10.00 218884
s b 0 8.56 0.2019 10.00 218894
s b 0 8.58 0.2013 10.00 218904
s b 0 8.58 0.2013 10.00 218914
s b 0 8.59 0.2007 10.00 218924
s b 0 8.59 0.2007 10.00 218934
s b 0 8.59 0.2007 10.00 218944
s b 0 8.60 0.2001 10.00 218954
s b 0 8.59 0.2007 10.00 218964
s b 0 8.59 0.2007 10.00 218974
s b 0 8.59 0.2007 10.00 218984
s b 0 8.58 0.2013 10.00 218994
s b 0 8.59 0.2007 10.00 219004
s b 0 8.58 0.2013 10.00 219014
s b 0 8.58 0.2013 10.00 219024
s b 0 8.58 0.2013 10.00 219034
s b 0 8.58 0.2013 10.00 219044
s b 0 8.58 0.2013 10.00 219054
s b 0 8.58 0.2013 10.00 219064
s b 0 8.58 0.2013 10.00 219074
s b 0 8.58 0.2013 10.00 219084
s b 0 8.58 0.2013 10.00 219094
s b 0 8.56 0.2019 10.00 219104
s b 0 8.56 0.2019 10.00 219114
s b 0 8.56 0.2019 10.00 219124
s b 0 8.56 0.2019 10.00 219134
s b 0 8.56 0.2019 10.00 219144
s b 0 8.56 0.2019 10.00 219154
s b 0 8.56 0.2019 10.00 219164
s b 0 8.56 0.2019 10.00 219174
s b 0 8.56 0.2019 10.00 219184
s b 0 8.56 0.2019 10.00 219194
s b 0 8.56 0.2019 10.00 219204
s b 0 8.56 0.2019 10.00 219214
s b 0 8.58 0.2013 10.00 219224
s b 0 8.58 0.2013 10.00 219234
s b 0 8.58 0.2013 10.00 219244
s b 0 8.58 0.2013 10.00 219254
s b 0 8.59 0.2007 10.00 219264
s b 0 8.58 0.2013 10.00 219274
s b 0 8.59 0.2007 10.00 219284
s b 0 8.58 0.2013 10.00 219294
s b 0 8.59 0.2007 10.00 219304
s b 0 8.59 0.2007 10.00 219314
s b 0 8.59 0.2007 10.00 219324
s b 0 8.59 0.2007 10.00 219334
s b 0 8.59 0.2007 10.00 219344
s b 0 8.59 0.2007 10.00 219354
s b 0 8.58 0.2013 10.00 219364
s b 0 8.56 0.2019 10.00 219374
s b 0 8.58 0.2013 10.00 219384
s b 0 8.56 0.2019 10.00 219394
s b 0 8.56 0.2019 10.00 219404
s b 0 8.55 0.2026 10.00 219414
s b 0 8.55 0.2026 10.00 219424
s b 0 8.55 0.2026 10.00 219434
s b 0 8.55 0.2026 10.00 219444
s b 0 8.55 0.2026 10.00 219454
s b 0 8.55 0.2026 10.00 219464
s b 0 8.56 0.2019 10.00 219474
s b 0 8.58 0.2013 10.00 219484
s b 0 8.58 0.2013 10.00 219494
s b 0 8.58 0.2013 10.00 219504
s b 0 8.59 0.2007 10.00 219514
s b 0 8.59 0.2007 10.00 219524
s b 0 8.59 0.2007 10.00 219534
s b 0 8.59 0.2007 10.00 219544
s b 0 8.59 0.2007 10.00 219554
s b 0 8.59 0.2007 10.00 219564
s b 0 8.59 0.2007 10.00 219574
s b 0 8.59 0.2007 10.00 219584
s b 0 8.58 0.2013 10.00 219594
s b 0 8.58 0.2013 10.00 219604
s b 0 8.58 0.2013 10.00 219614
s b 0 8.58 0.2013 10.00 219624
s b 0 8.58 0.2013 10.00 219634
s b 0 8.58 0.2013 10.00 219644
s b 0 8.56 0.2019 10.00 219654
s b 0 8.56 0.2019 10.00 219664
s b 0 8.56 0.2019 10.00 219674
s b 0 8.56 0.2019 10.00 219684
s b 0 8.56 0.2019 10.00 219694
s b 0 8.58 0.2013 10.00 219704
s b 0 8.58 0.2013 10.00 219714
s b 0 8.56 0.2019 10.00 219724
s b 0 8.56 0.2019 10.00 219734
s b 0 8.58 0.2013 10.00 219744
s b 0 8.58 0.2013 10.00 219754
s b 0 8.58 0.2013 10.00 219764
s b 0 8.59 0.2007 10.00 219774
s b 0 8.58 0.2013 10.00 219784
s b 0 8.58 0.2013 10.00 219794
s b 0 8.56 0.2019 10.00 219804
s b 0 8.56 0.2019 10.00 219814
s b 0 8.58 0.2013 10.00 219824
s b 0 8.58 0.2013 10.00 219834
s b 0 8.58 0.2013 10.00 219844
s b 0 8.56 0.2019 10.00 219854
s b 0 8.56 0.2019 10.00 219864
s b 0 8.56 0.2019 10.00 219874
s b 0 8.56 0.2019 10.00 219884
s b 0 8.56 0.2019 10.00 219894
s b 0 8.56 0.2019 10.00 219904
s b 0 8.56 0.2019 10.00 219914
s b 0 8.56 0.2019 10.00 219924
s b 0 8.56 0.2019 10.00 219934
s b 0 8.56 0.2019 10.00 219944
s b 0 8.56 0.2019 10.00 219954
s b 0 8.56 0.2019 10.00 219964
s b 0 8.56 0.2019 10.00 219974
s b 0 8.56 0.2019 10.00 219984
s b 0 8.58 0.2013 10.00 219994
s b 0 8.58 0.2013 10.00 220004
s b 0 8.56 0.2019 10.00 220014
s b 0 8.58 0.2013 10.00 220024
s b 0 8.58 0.2013 10.00 220034
s b 0 8.58 0.2013 10.00 220044
s b 0 8.59 0.2007 10.00 220054
s b 0 8.59 0.2007 10.00 220064
s b 0 8.59 0.2007 10.00 220074
s b 0 8.59 0.2007 10.00 220084
s b 0 8.59 0.2007 10.00 220094
s b 0 8.59 0.2007 10.00 220104
s b 0 8.59 0.2007 10.00 220114
s b 0 8.59 0.2007 10.00 220124
s b 0 8.59 0.2007 10.00 220134
s b 0 8.59 0.2007 10.00 220144
s b 0 8.58 0.2013 10.00 220154
s b 0 8.58 0.2013 10.00 220164
s b 0 8.58 0.2013 10.00 220174
s b 0 8.56 0.2019 10.00 220184
s b 0 8.58 0.2013 10.00 220194
s b 0 8.58 0.2013 10.00 220204
s b 0 8.56 0.2019 10.00 220214
s b 0 8.56 0.2019 10.00 220224
s b 0 8.56 0.2019 10.00 220234
s b 0 8.56 0.2019 10.00 220244
s b 0 8.56 0.2019 10.00 220254
s b 0 8.58 0.2013 10.00 220264
s b 0 8.58 0.2013 10.00 220274
s b 0 8.58 0.2013 10.00 220284
s b 0 8.58 0.2013 10.00 220294
s b 0 8.56 0.2019 10.00 220304
s b 0 8.56 0.2019 10.00 220314
s b 0 8.60 0.2001 10.00 220324
s b 0 8.60 0.2001 10.00 220334
s b 0 8.60 0.2001 10.00 220344
s b 0 8.58 0.2013 10.00 220354
s b 0 8.58 0.2013 10.00 220364
s b 0 8.58 0.2013 10.00 220374
s b 0 8.58 0.2013 10.00 220384
s b 0 8.58 0.2013 10.00 220394
s b 0 8.58 0.2013 10.00 220404
s b 0 8.58 0.2013 10.00 220414
s b 0 8.58 0.2013 10.00 220424
s b 0 8.56 0.2019 10.00 220434
s b 0 8.56 0.2019 10.00 220444
s b 0 8.56 0.2019 10.00 220454
s b 0 8.56 0.2019 10.00 220464
s b 0 8.56 0.2019 10.00 220474
s b 0 8.56 0.2019 10.00 220484
s b 0 8.56 0.2019 10.00 220494
s b 0 8.56 0.2019 10.00 220504
s b 0 8.56 0.2019 10.00 220514
s b 0 8.56 0.2019 10.00 220524
s b 0 8.56 0.2019 10.00 220534
s b 0 8.59 0.2007 10.00 220544
s b 0 8.59 0.2007 10.00 220554
s b 0 8.59 0.2007 10.00 220564
s b 0 8.59 0.2007 10.00 220574
s b 0 8.59 0.2007 10.00 220584
s b 0 8.59 0.2007 10.00 220594
s b 0 8.59 0.2007 10.00 220604
s b 0 8.59 0.2007 10.00 220614
s b 0 8.59 0.2007 10.00 220624
s b 0 8.59 0.2007 10.00 220634
s b 0 8.59 0.2007 10.00 220644
s b 0 8.58 0.2013 10.00 220654
s b 0 8.56 0.2019 10.00 220664
s b 0 8.56 0.2019 10.00 220674
s b 0 8.56 0.2019 10.00 220684
s b 0 8.58 0.2013 10.00 220694
s b 0 8.58 0.2013 10.00 220704
s b 0 8.58 0.2013 10.00 220714
s b 0 8.58 0.2013 10.00 220724
s b 0 8.58 0.2013 10.00 220734
s b 0 8.58 0.2013 10.00 220744
s b 0 8.58 0.2013 10.00 220754
s b 0 8.58 0.2013 10.00 220764
s b 0 8.58 0.2013 10.00 220774
s b 0 8.58 0.2013 10.00 220784
s b 0 8.58 0.2013 10.00 220794
s b 0 8.58 0.2013 10.00 220804
s b 0 8.58 0.2013 10.00 220814
s b 0 8.58 0.2013 10.00 220824
s b 0 8.58 0.2013 10.00 220834
s b 0 8.58 0.2013 10.00 220844
s b 0 8.58 0.2013 10.00 220854
s b 0 8.59 0.2007 10.00 220864
s b 0 8.58 0.2013 10.00 220874
s b 0 8.58 0.2013 10.00 220884
s b 0 8.58 0.2013 10.00 220894
s b 0 8.58 0.2013 10.00 220904
s b 0 8.58 0.2013 10.00 220914
s b 0 8.56 0.2019 10.00 220924
s b 0 8.56 0.2019 10.00 220934
s b 0 8.56 0.2019 10.00 220944
s b 0 8.56 0.2019 10.00 220954
s b 0 8.56 0.2019 10.00 220964
s b 0 8.55 0.2026 10.00 220974
s b 0 8.56 0.2019 10.00 220984
s b 0 8.56 0.2019 10.00 220994
s b 0 8.56 0.2019 10.00 221004
s b 0 8.56 0.2019 10.00 221014
s b 0 8.56 0.2019 10.00 221024
s b 0 8.59 0.2007 10.00 221034
s b 0 8.56 0.2019 10.00 221044
s b 0 8.56 0.2019 10.00 221054
s b 0 8.58 0.2013 10.00 221064
s b 0 8.58 0.2013 10.00 221074
s b 0 8.60 0.2001 10.00 221084
s b 0 8.60 0.2001 10.00 221094
s b 0 8.60 0.2001 10.00 221104
s b 0 8.60 0.2001 10.00 221114
s b 0 8.60 0.2001 10.00 221124
s b 0 8.59 0.2007 10.00 221134
s b 0 8.59 0.2007 10.00 221144
s b 0 8.59 0.2007 10.00 221154
s b 0 8.58 0.2013 10.00 221164
s b 0 8.58 0.2013 10.00 221174
s b 0 8.56 0.2019 10.00 221184
s b 0 8.55 0.2026 10.00 221194
s b 0 8.55 0.2026 10.00 221204
s b 0 8.55 0.2026 10.00 221214
s b 0 8.55 0.2026 10.00 221224
s b 0 8.55 0.2026 10.00 221234
s b 0 8.55 0.2026 10.00 221244
s b 0 8.55 0.2026 10.00 221254
s b 0 8.56 0.2019 10.00 221264
s b 0 8.56 0.2019 10.00 221274
s b 0 8.58 0.2013 10.00 221284
s b 0 8.60 0.2001 10.00 221294
s b 0 8.60 0.2001 10.00 221304
s b 0 8.59 0.2007 10.00 221314
s b 0 8.59 0.2007 10.00 221324
s b 0 8.58 0.2013 10.00 221334
s b 0 8.58 0.2013 10.00 221344
s b 0 8.58 0.2013 10.00 221354
s b 0 8.58 0.2013 10.00 221364
s b 0 8.58 0.2013 10.00 221374
s b 0 8.58 0.2013 10.00 221384
s b 0 8.56 0.2019 10.00 221394
s b 0 8.56 0.2019 10.00 221404
s b 0 8.55 0.2026 10.00 221414
s b 0 8.55 0.2026 10.00 221424
s b 0 8.55 0.2026 10.00 221434
s b 0 8.55 0.2026 10.00 221444
s b 0 8.56 0.2019 10.00 221454
s b 0 8.56 0.2019 10.00 221464
s b 0 8.56 0.2019 10.00 221474
s b 0 8.56 0.2019 10.00 221484
s b 0 8.58 0.2013 10.00 221494
s b 0 8.59 0.2007 10.00 221504
s b 0 8.59 0.2007 10.00 221514
s b 0 8.60 0.2001 10.00 221524
s b 0 8.60 0.2001 10.00 221534
s b 0 8.59 0.2007 10.00 221544
s b 0 8.59 0.2007 10.00 221554
s b 0 8.59 0.2007 10.00 221564
s b 0 8.58 0.2013 10.00 221574
s b 0 8.58 0.2013 10.00 221584
s b 0 8.58 0.2013 10.00 221594
s b 0 8.56 0.2019 10.00 221604
s b 0 8.56 0.2019 10.00 221614
s b 0 8.56 0.2019 10.00 221624
s b 0 8.56 0.2019 10.00 221634
s b 0 8.56 0.2019 10.00 221644
s b 0 8.55 0.2026 10.00 221654
s b 0 8.55 0.2026 10.00 221664
s b 0 8.56 0.2019 10.00 221674
s b 0 8.58 0.2013 10.00 221684
s b 0 8.58 0.2013 10.00 221694
s b 0 8.58 0.2013 10.00 221704
s b 0 8.58 0.2013 10.00 221714
s b 0 8.58 0.2013 10.00 221724
s b 0 8.58 0.2013 10.00 221734
s b 0 8.58 0.2013 10.00 221744
s b 0 8.58 0.2013 10.00 221754
s b 0 8.58 0.2013 10.00 221764
s b 0 8.58 0.2013 10.00 221774
s b 0 8.58 0.2013 10.00 221784
s b 0 8.58 0.2013 10.00 221794
s b 0 8.58 0.2013 10.00 221804
s b 0 8.56 0.2019 10.00 221814
s b 0 8.56 0.2019 10.00 221824
s b 0 8.56 0.2019 10.00 221834
s b 0 8.56 0.2019 10.00 221844
s b 0 8.56 0.2019 10.00 221854
s b 0 8.56 0.2019 10.00 221864
s b 0 8.58 0.2013 10.00 221874
s b 0 8.58 0.2013 10.00 221884
s b 0 8.58 0.2013 10.00 221894
s b 0 8.56 0.2019 10.00 221904
s b 0 8.56 0.2019 10.00 221914
s b 0 8.58 0.2013 10.00 221924
s b 0 8.58 0.2013 10.00 221934
s b 0 8.56 0.2019 10.00 221944
s b 0 8.56 0.2019 10.00 221954
s b 0 8.56 0.2019 10.00 221964
s b 0 8.56 0.2019 10.00 221974
s b 0 8.56 0.2019 10.00 221984
s b 0 8.56 0.2019 10.00 221994
s b 0 8.56 0.2019 10.00 222004
s b 0 8.56 0.2019 10.00 222014
s b 0 8.58 0.2013 10.00 222024
s b 0 8.58 0.2013 10.00 222034
s b 0 8.58 0.2013 10.00 222044
s b 0 8.58 0.2013 10.00 222054
s b 0 8.58 0.2013 10.00 222064
s b 0 8.58 0.2013 10.00 222074
s b 0 8.58 0.2013 10.00 222084
s b 0 8.58 0.2013 10.00 222094
s b 0 8.58 0.2013 10.00 222104
s b 0 8.58 0.2013 10.00 222114
s b 0 8.59 0.2007 10.00 222124
s b 0 8.59 0.2007 10.00 222134
s b 0 8.58 0.2013 10.00 222144
s b 0 8.56 0.2019 10.00 222154
s b 0 8.56 0.2019 10.00 222164
s b 0 8.56 0.2019 10.00 222174
s b 0 8.56 0.2019 10.00 222184
s b 0 8.56 0.2019 10.00 222194
s b 0 8.56 0.2019 10.00 222204
s b 0 8.56 0.2019 10.00 222214
s b 0 8.56 0.2019 10.00 222224
s b 0 8.56 0.2019 10.00 222234
s b 0 8.56 0.2019 10.00 222244
s b 0 8.56 0.2019 10.00 222254
s b 0 8.56 0.2019 10.00 222264
s b 0 8.56 0.2019 10.00 222274
s b 0 8.56 0.2019 10.00 222284
s b 0 8.56 0.2019 10.00 222294
s b 0 8.56 0.2019 10.00 222304
s b 0 8.56 0.2019 10.00 222314
s b 0 8.56 0.2019 10.00 222324
s b 0 8.56 0.2019 10.00 222334
s b 0 8.56 0.2019 10.00 222344
s b 0 8.56 0.2019 10.00 222354
s b 0 8.56 0.2019 10.00 222364
s b 0 8.58 0.2013 10.00 222374
s b 0 8.58 0.2013 10.00 222384
s b 0 8.58 0.2013 10.00 222394
s b 0 8.58 0.2013 10.00 222404
s b 0 8.58 0.2013 10.00 222414
s b 0 8.58 0.2013 10.00 222424
s b 0 8.58 0.2013 10.00 222434
s b 0 8.58 0.2013 10.00 222444
s b 0 8.58 0.2013 10.00 222454
s b 0 8.58 0.2013 10.00 222464
s b 0 8.58 0.2013 10.00 222474
s b 0 8.58 0.2013 10.00 222484
s b 0 8.58 0.2013 10.00 222494
s b 0 8.58 0.2013 10.00 222504
s b 0 8.58 0.2013 10.00 222514
s b 0 8.58 0.2013 10.00 222524
s b 0 8.58 0.2013 10.00 222534
s b 0 8.58 0.2013 10.00 222544
s b 0 8.58 0.2013 10.00 222554
s b 0 8.58 0.2013 10.00 222564
s b 0 8.58 0.2013 10.00 222574
s b 0 8.58 0.2013 10.00 222584
s b 0 8.58 0.2013 10.00 222594
s b 0 8.58 0.2013 10.00 222604
s b 0 8.58 0.2013 10.00 222614
s b 0 8.58 0.2013 10.00 222624
s b 0 8.58 0.2013 10.00 222634
ack
s b 0 8.58 1.0000 35.00 222644
s b 0 8.58 1.0000 35.00 222654
s b 0 8.58 1.0000 35.00 222664
s b 0 15.28 1.0000 35.00 222674
s b 0 15.28 1.0000 35.00 222684
s b 0 15.28 1.0000 35.00 222694
s b 0 15.28 1.0000 35.00 222704
s b 0 24.85 0.6373 35.00 222714
s b 0 24.85 0.6373 35.00 222724
s b 0 24.85 0.6373 35.00 222734
s b 0 24.85 0.6373 35.00 222744
s b 0 24.85 0.6373 35.00 222754
s b 0 24.85 0.6373 35.00 222764
s b 0 25.55 0.6025 35.00 222774
s b 0 25.55 0.6025 35.00 222784
s b 0 25.55 0.6025 35.00 222794
s b 0 25.55 0.6025 35.00 222804
s b 0 25.55 0.6025 35.00 222814
s b 0 25.55 0.6025 35.00 222824
s b 0 25.40 0.6099 35.00 222834
s b 0 25.17 0.6215 35.00 222844
s b 0 24.97 0.6316 35.00 222854
s b 0 24.85 0.6373 35.00 222864
s b 0 24.71 0.6445 35.00 222874
s b 0 24.66 0.6473 35.00 222884
s b 0 24.66 0.6473 35.00 222894
s b 0 24.66 0.6473 35.00 222904
s b 0 24.66 0.6473 35.00 222914
s b 0 24.66 0.6473 35.00 222924
s b 0 24.71 0.6445 35.00 222934
s b 0 24.83 0.6388 35.00 222944
s b 0 25.00 0.6302 35.00 222954
s b 0 25.03 0.6287 35.00 222964
s b 0 25.08 0.6258 35.00 222974
s b 0 25.08 0.6258 35.00 222984
s b 0 25.08 0.6258 35.00 222994
s b 0 25.08 0.6258 35.00 223004
s b 0 25.08 0.6258 35.00 223014
s b 0 25.06 0.6273 35.00 223024
s b 0 25.06 0.6273 35.00 223034
s b 0 25.03 0.6287 35.00 223044
s b 0 25.03 0.6287 35.00 223054
s b 0 25.03 0.6287 35.00 223064
s b 0 25.00 0.6302 35.00 223074
s b 0 24.94 0.6330 35.00 223084
s b 0 24.94 0.6330 35.00 223094
s b 0 24.94 0.6330 35.00 223104
s b 0 24.94 0.6330 35.00 223114
s b 0 24.94 0.6330 35.00 223124
s b 0 24.94 0.6330 35.00 223134
s b 0 24.97 0.6316 35.00 223144
s b 0 24.97 0.6316 35.00 223154
s b 0 25.00 0.6302 35.00 223164
s b 0 25.03 0.6287 35.00 223174
s b 0 25.03 0.6287 35.00 223184
s b 0 25.03 0.6287 35.00 223194
s b 0 25.03 0.6287 35.00 223204
s b 0 25.03 0.6287 35.00 223214
s b 0 25.03 0.6287 35.00 223224
s b 0 25.03 0.6287 35.00 223234
s b 0 25.00 0.6302 35.00 223244
s b 0 25.00 0.6302 35.00 223254
s b 0 25.00 0.6302 35.00 223264
s b 0 24.97 0.6316 35.00 223274
s b 0 24.97 0.6316 35.00 223284
s b 0 24.97 0.6316 35.00 223294
s b 0 24.97 0.6316 35.00 223304
s b 0 24.94 0.6330 35.00 223314
s b 0 24.94 0.6330 35.00 223324
s b 0 24.97 0.6316 35.00 223334
s b 0 24.97 0.6316 35.00 223344
s b 0 24.97 0.6316 35.00 223354
s b 0 24.97 0.6316 35.00 223364
s b 0 24.97 0.6316 35.00 223374
s b 0 25.06 0.6273 35.00 223384
s b 0 25.06 0.6273 35.00 223394
s b 0 25.06 0.6273 35.00 223404
s b 0 25.03 0.6287 35.00 223414
s b 0 25.06 0.6273 35.00 223424
s b 0 25.06 0.6273 35.00 223434
s b 0 25.03 0.6287 35.00 223444
s b 0 25.03 0.6287 35.00 223454
s b 0 25.03 0.6287 35.00 223464
s b 0 25.03 0.6287 35.00 223474
s b 0 25.03 0.6287 35.00 223484
s b 0 25.00 0.6302 35.00 223494
s b 0 25.00 0.6302 35.00 223504
s b 0 25.00 0.6302 35.00 223514
s b 0 25.00 0.6302 35.00 223524
s b 0 25.00 0.6302 35.00 223534
s b 0 25.00 0.6302 35.00 223544
s b 0 25.00 0.6302 35.00 223554
s b 0 25.00 0.6302 35.00 223564
s b 0 25.00 0.6302 35.00 223574
s b 0 25.00 0.6302 35.00 223584
s b 0 25.00 0.6302 35.00 223594
s b 0 25.00 0.6302 35.00 223604
s b 0 25.03 0.6287 35.00 223614
s b 0 25.00 0.6302 35.00 223624
s b 0 25.00 0.6302 35.00 223634
s b 0 25.00 0.6302 35.00 223644
s b 0 25.00 0.6302 35.00 223654
s b 0 25.03 0.6287 35.00 223664
s b 0 25.00 0.6302 35.00 223674
s b 0 25.00 0.6302 35.00 223684
s b 0 25.00 0.6302 35.00 223694
s b 0 25.03 0.6287 35.00 223704
s b 0 25.03 0.6287 35.00 223714
s b 0 25.03 0.6287 35.00 223724
s b 0 25.03 0.6287 35.00 223734
s b 0 25.03 0.6287 35.00 223744
s b 0 25.03 0.6287 35.00 223754
s b 0 25.03 0.6287 35.00 223764
s b 0 25.00 0.6302 35.00 223774
s b 0 25.03 0.6287 35.00 223784
s b 0 25.00 0.6302 35.00 223794
s b 0 25.00 0.6302 35.00 223804
s b 0 25.00 0.6302 35.00 223814
s b 0 25.00 0.6302 35.00 223824
s b 0 25.00 0.6302 35.00 223834
s b 0 25.00 0.6302 35.00 223844
s b 0 25.03 0.6287 35.00 223854
s b 0 25.03 0.6287 35.00 223864
s b 0 25.03 0.6287 35.00 223874
s b 0 25.03 0.6287 35.00 223884
s b 0 25.00 0.6302 35.00 223894
s b 0 25.03 0.6287 35.00 223904
s b 0 25.03 0.6287 35.00 223914
s b 0 25.03 0.6287 35.00 223924
s b 0 25.03 0.6287 35.00 223934
s b 0 24.97 0.6316 35.00 223944
s b 0 24.97 0.6316 35.00 223954
s b 0 24.97 0.6316 35.00 223964
s b 0 24.97 0.6316 35.00 223974
s b 0 24.97 0.6316 35.00 223984
s b 0 24.97 0.6316 35.00 223994
s b 0 24.97 0.6316 35.00 224004
s b 0 24.97 0.6316 35.00 224014
s b 0 25.00 0.6302 35.00 224024
s b 0 25.00 0.6302 35.00 224034
s b 0 25.00 0.6302 35.00 224044
s b 0 25.00 0.6302 35.00 224054
s b 0 25.00 0.6302 35.00 224064
s b 0 25.03 0.6287 35.00 224074
s b 0 25.03 0.6287 35.00 224084
s b 0 25.03 0.6287 35.00 224094
s b 0 25.03 0.6287 35.00 224104
s b 0 25.03 0.6287 35.00 224114
s b 0 25.00 0.6302 35.00 224124
s b 0 25.00 0.6302 35.00 224134
s b 0 25.00 0.6302 35.00 224144
s b 0 25.00 0.6302 35.00 224154
s b 0 25.00 0.6302 35.00 224164
s b 0 25.00 0.6302 35.00 224174
s b 0 25.00 0.6302 35.00 224184
s b 0 24.97 0.6316 35.00 224194
s b 0 24.97 0.6316 35.00 224204
s b 0 24.97 0.6316 35.00 224214
s b 0 24.97 0.6316 35.00 224224
s b 0 24.97 0.6316 35.00 224234
s b 0 24.97 0.6316 35.00 224244
s b 0 25.03 0.6287 35.00 224254
s b 0 25.00 0.6302 35.00 224264
s b 0 25.03 0.6287 35.00 224274
s b 0 25.00 0.6302 35.00 224284
s b 0 25.03 0.6287 35.00 224294
s b 0 25.03 0.6287 35.00 224304
s b 0 25.03 0.6287 35.00 224314
s b 0 25.03 0.6287 35.00 224324
s b 0 25.03 0.6287 35.00 224334
s b 0 25.00 0.6302 35.00 224344
s b 0 25.00 0.6302 35.00 224354
s b 0 25.00 0.6302 35.00 224364
s b 0 25.00 0.6302 35.00 224374
s b 0 25.00 0.6302 35.00 224384
s b 0 25.00 0.6302 35.00 224394
s b 0 25.00 0.6302 35.00 224404
s b 0 25.00 0.6302 35.00 224414
s b 0 25.00 0.6302 35.00 224424
s b 0 25.00 0.6302 35.00 224434
s b 0 25.00 0.6302 35.00 224444
s b 0 25.00 0.6302 35.00 224454
s b 0 25.00 0.6302 35.00 224464
s b 0 25.00 0.6302 35.00 224474
s b 0 25.00 0.6302 35.00 224484
s b 0 25.00 0.6302 35.00 224494
s b 0 25.00 0.6302 35.00 224504
s b 0 25.00 0.6302 35.00 224514
s b 0 25.00 0.6302 35.00 224524
s b 0 25.00 0.6302 35.00 224534
s b 0 25.00 0.6302 35.00 224544
s b 0 25.00 0.6302 35.00 224554
s b 0 25.00 0.6302 35.00 224564
s b 0 25.00 0.6302 35.00 224574
s b 0 25.00 0.6302 35.00 224584
s b 0 25.00 0.6302 35.00 224594
s b 0 25.00 0.6302 35.00 224604
s b 0 25.00 0.6302 35.00 224614
s b 0 25.00 0.6302 35.00 224624
s b 0 25.00 0.6302 35.00 224634
s b 0 25.00 0.6302 35.00 224644
s b 0 25.00 0.6302 35.00 224654
s b 0 25.00 0.6302 35.00 224664
s b 0 25.00 0.6302 35.00 224674
s b 0 25.00 0.6302 35.00 224684
s b 0 25.00 0.6302 35.00 224694
s b 0 25.00 0.6302 35.00 224704
s b 0 25.00 0.6302 35.00 224714
s b 0 25.00 0.6302 35.00 224724
s b 0 25.00 0.6302 35.00 224734
s b 0 25.00 0.6302 35.00 224744
s b 0 24.97 0.6316 35.00 224754
s b 0 24.97 0.6316 35.00 224764
s b 0 24.97 0.6316 35.00 224774
s b 0 24.97 0.6316 35.00 224784
s b 0 24.97 0.6316 35.00 224794
s b 0 24.97 0.6316 35.00 224804
s b 0 24.97 0.6316 35.00 224814
s b 0 24.97 0.6316 35.00 224824
s b 0 24.97 0.6316 35.00 224834
s b 0 24.97 0.6316 35.00 224844
s b 0 24.97 0.6316 35.00 224854
s b 0 24.97 0.6316 35.00 224864
s b 0 24.97 0.6316 35.00 224874
s b 0 25.00 0.6302 35.00 224884
s b 0 25.00 0.6302 35.00 224894
s b 0 25.00 0.6302 35.00 224904
s b 0 25.00 0.6302 35.00 224914
s b 0 25.00 0.6302 35.00 224924
s b 0 25.00 0.6302 35.00 224934
s b 0 25.00 0.6302 35.00 224944
s b 0 25.00 0.6302 35.00 224954
s b 0 25.00 0.6302 35.00 224964
s b 0 25.00 0.6302 35.00 224974
s b 0 25.00 0.6302 35.00 224984
s b 0 25.00 0.6302 35.00 224994
s b 0 25.00 0.6302 35.00 225004
s b 0 25.00 0.6302 35.00 225014
s b 0 25.00 0.6302 35.00 225024
s b 0 25.00 0.6302 35.00 225034
s b 0 25.00 0.6302 35.00 225044
s b 0 25.00 0.6302 35.00 225054
s b 0 25.00 0.6302 35.00 225064
s b 0 25.00 0.6302 35.00 225074
s b 0 25.00 0.6302 35.00 225084
s b 0 25.03 0.6287 35.00 225094
s b 0 25.03 0.6287 35.00 225104
s b 0 25.03 0.6287 35.00 225114
s b 0 25.03 0.6287 35.00 225124
s b 0 25.00 0.6302 35.00 225134
s b 0 25.00 0.6302 35.00 225144
s b 0 24.97 0.6316 35.00 225154
s b 0 25.00 0.6302 35.00 225164
s b 0 25.00 0.6302 35.00 225174
s b 0 25.00 0.6302 35.00 225184
s b 0 25.00 0.6302 35.00 225194
s b 0 24.97 0.6316 35.00 225204
s b 0 24.97 0.6316 35.00 225214
s b 0 24.97 0.6316 35.00 225224
s b 0 24.97 0.6316 35.00 225234
s b 0 24.97 0.6316 35.00 225244
s b 0 24.97 0.6316 35.00 225254
s b 0 25.00 0.6302 35.00 225264
s b 0 25.00 0.6302 35.00 225274
s b 0 25.00 0.6302 35.00 225284
s b 0 24.97 0.6316 35.00 225294
s b 0 24.97 0.6316 35.00 225304
s b 0 25.03 0.6287 35.00 225314
s b 0 25.03 0.6287 35.00 225324
s b 0 25.03 0.6287 35.00 225334
s b 0 25.00 0.6302 35.00 225344
s b 0 25.03 0.6287 35.00 225354
s b 0 25.03 0.6287 35.00 225364
s b 0 25.03 0.6287 35.00 225374
s b 0 25.00 0.6302 35.00 225384
s b 0 25.00 0.6302 35.00 225394
s b 0 25.00 0.6302 35.00 225404
s b 0 25.00 0.6302 35.00 225414
s b 0 24.97 0.6316 35.00 225424
s b 0 24.94 0.6330 35.00 225434
s b 0 24.94 0.6330 35.00 225444
s b 0 24.94 0.6330 35.00 225454
s b 0 24.94 0.6330 35.00 225464
s b 0 24.94 0.6330 35.00 225474
s b 0 24.94 0.6330 35.00 225484
s b 0 24.97 0.6316 35.00 225494
s b 0 24.97 0.6316 35.00 225504
s b 0 25.00 0.6302 35.00 225514
s b 0 25.00 0.6302 35.00 225524
s b 0 25.03 0.6287 35.00 225534
s b 0 25.03 0.6287 35.00 225544
s b 0 25.00 0.6302 35.00 225554
s b 0 25.03 0.6287 35.00 225564
s b 0 25.00 0.6302 35.00 225574
s b 0 25.00 0.6302 35.00 225584
s b 0 25.00 0.6302 35.00 225594
s b 0 25.00 0.6302 35.00 225604
s b 0 25.00 0.6302 35.00 225614
s b 0 25.00 0.6302 35.00 225624
s b 0 25.00 0.6302 35.00 225634
s b 0 25.00 0.6302 35.00 225644
s b 0 25.03 0.6287 35.00 225654
s b 0 25.03 0.6287 35.00 225664
s b 0 25.00 0.6302 35.00 225674
s b 0 25.00 0.6302 35.00 225684
s b 0 25.00 0.6302 35.00 225694
s b 0 25.03 0.6287 35.00 225704
s b 0 25.03 0.6287 35.00 225714
s b 0 25.00 0.6302 35.00 225724
s b 0 25.00 0.6302 35.00 225734
s b 0 24.97 0.6316 35.00 225744
s b 0 24.97 0.6316 35.00 225754
s b 0 24.97 0.6316 35.00 225764
s b 0 24.97 0.6316 35.00 225774
s b 0 24.97 0.6316 35.00 225784
s b 0 24.97 0.6316 35.00 225794
s b 0 24.97 0.6316 35.00 225804
s b 0 24.97 0.6316 35.00 225814
s b 0 24.97 0.6316 35.00 225824
s b 0 24.97 0.6316 35.00 225834
s b 0 24.97 0.6316 35.00 225844
s b 0 24.94 0.6330 35.00 225854
s b 0 24.97 0.6316 35.00 225864
s b 0 24.97 0.6316 35.00 225874
s b 0 25.00 0.6302 35.00 225884
s b 0 24.94 0.6330 35.00 225894
s b 0 25.00 0.6302 35.00 225904
s b 0 25.00 0.6302 35.00 225914
s b 0 24.94 0.6330 35.00 225924
s b 0 25.00 0.6302 35.00 225934
s b 0 25.00 0.6302 35.00 225944
s b 0 25.00 0.6302 35.00 225954
s b 0 25.00 0.6302 35.00 225964
s b 0 24.97 0.6316 35.00 225974
s b 0 25.00 0.6302 35.00 225984
s b 0 25.00 0.6302 35.00 225994
s b 0 25.00 0.6302 35.00 226004
s b 0 25.00 0.6302 35.00 226014
s b 0 24.97 0.6316 35.00 226024
s b 0 24.97 0.6316 35.00 226034
s b 0 24.97 0.6316 35.00 226044
s b 0 24.97 0.6316 35.00 226054
s b 0 24.97 0.6316 35.00 226064
s b 0 24.97 0.6316 35.00 226074
s b 0 24.97 0.6316 35.00 226084
s b 0 24.97 0.6316 35.00 226094
s b 0 24.97 0.6316 35.00 226104
s b 0 24.97 0.6316 35.00 226114
s b 0 24.97 0.6316 35.00 226124
s b 0 24.97 0.6316 35.00 226134
s b 0 24.97 0.6316 35.00 226144
s b 0 24.97 0.6316 35.00 226154
s b 0 25.00 0.6302 35.00 226164
s b 0 25.00 0.6302 35.00 226174
s b 0 25.00 0.6302 35.00 226184
s b 0 25.03 0.6287 35.00 226194
s b 0 25.03 0.6287 35.00 226204
s b 0 25.00 0.6302 35.00 226214
s b 0 25.03 0.6287 35.00 226224
s b 0 25.03 0.6287 35.00 226234
s b 0 25.03 0.6287 35.00 226244
s b 0 25.03 0.6287 35.00 226254
s b 0 25.00 0.6302 35.00 226264
s b 0 25.00 0.6302 35.00 226274
s b 0 24.94 0.6330 35.00 226284
s b 0 24.94 0.6330 35.00 226294
s b 0 24.94 0.6330 35.00 226304
s b 0 24.94 0.6330 35.00 226314
s b 0 24.94 0.6330 35.00 226324
s b 0 24.94 0.6330 35.00 226334
s b 0 24.94 0.6330 35.00 226344
s b 0 24.94 0.6330 35.00 226354
s b 0 24.94 0.6330 35.00 226364
s b 0 24.97 0.6316 35.00 226374
s b 0 24.97 0.6316 35.00 226384
s b 0 24.97 0.6316 35.00 226394
s b 0 24.97 0.6316 35.00 226404
s b 0 24.97 0.6316 35.00 226414
s b 0 24.97 0.6316 35.00 226424
s b 0 24.97 0.6316 35.00 226434
s b 0 24.97 0.6316 35.00 226444
s b 0 24.97 0.6316 35.00 226454
s b 0 25.00 0.6302 35.00 226464
s b 0 24.97 0.6316 35.00 226474
s b 0 24.97 0.6316 35.00 226484
s b 0 24.97 0.6316 35.00 226494
s b 0 24.97 0.6316 35.00 226504
s b 0 25.00 0.6302 35.00 226514
s b 0 24.97 0.6316 35.00 226524
s b 0 25.00 0.6302 35.00 226534
s b 0 25.00 0.6302 35.00 226544
s b 0 25.00 0.6302 35.00 226554
s b 0 25.00 0.6302 35.00 226564
s b 0 25.00 0.6302 35.00 226574
s b 0 25.00 0.6302 35.00 226584
s b 0 24.97 0.6316 35.00 226594
s b 0 24.97 0.6316 35.00 226604
s b 0 24.97 0.6316 35.00 226614
s b 0 24.97 0.6316 35.00 226624
s b 0 24.97 0.6316 35.00 226634
s b 0 24.97 0.6316 35.00 226644
s b 0 24.97 0.6316 35.00 226654
s b 0 24.97 0.6316 35.00 226664
s b 0 24.97 0.6316 35.00 226674
s b 0 24.97 0.6316 35.00 226684
s b 0 24.97 0.6316 35.00 226694
s b 0 24.97 0.6316 35.00 226704
s b 0 24.97 0.6316 35.00 226714
s b 0 24.97 0.6316 35.00 226724
s b 0 24.97 0.6316 35.00 226734
s b 0 24.97 0.6316 35.00 226744
s b 0 24.97 0.6316 35.00 226754
s b 0 25.00 0.6302 35.00 226764
s b 0 25.00 0.6302 35.00 226774
s b 0 24.97 0.6316 35.00 226784
s b 0 24.97 0.6316 35.00 226794
s b 0 25.00 0.6302 35.00 226804
s b 0 25.00 0.6302 35.00 226814
s b 0 25.00 0.6302 35.00 226824
s b 0 25.00 0.6302 35.00 226834
s b 0 25.00 0.6302 35.00 226844
s b 0 24.97 0.6316 35.00 226854
s b 0 24.97 0.6316 35.00 226864
s b 0 24.97 0.6316 35.00 226874
s b 0 24.94 0.6330 35.00 226884
s b 0 24.94 0.6330 35.00 226894
s b 0 24.97 0.6316 35.00 226904
s b 0 24.97 0.6316 35.00 226914
s b 0 24.97 0.6316 35.00 226924
s b 0 24.97 0.6316 35.00 226934
s b 0 24.97 0.6316 35.00 226944
s b 0 24.97 0.6316 35.00 226954
s b 0 24.97 0.6316 35.00 226964
s b 0 24.97 0.6316 35.00 226974
s b 0 24.97 0.6316 35.00 226984
s b 0 24.97 0.6316 35.00 226994
s b 0 25.00 0.6302 35.00 227004
s b 0 24.97 0.6316 35.00 227014
s b 0 24.97 0.6316 35.00 227024
s b 0 24.97 0.6316 35.00 227034
s b 0 25.00 0.6302 35.00 227044
s b 0 25.00 0.6302 35.00 227054
s b 0 25.03 0.6287 35.00 227064
s b 0 25.00 0.6302 35.00 227074
s b 0 24.97 0.6316 35.00 227084
s b 0 24.94 0.6330 35.00 227094
s b 0 24.91 0.6345 35.00 227104
s b 0 24.91 0.6345 35.00 227114
s b 0 24.97 0.6316 35.00 227124
s b 0 24.97 0.6316 35.00 227134
s b 0 25.00 0.6302 35.00 227144
s b 0 24.97 0.6316 35.00 227154
s b 0 24.97 0.6316 35.00 227164
s b 0 24.97 0.6316 35.00 227174
s b 0 24.97 0.6316 35.00 227184
s b 0 24.97 0.6316 35.00 227194
s b 0 25.00 0.6302 35.00 227204
s b 0 25.00 0.6302 35.00 227214
s b 0 25.00 0.6302 35.00 227224
s b 0 25.00 0.6302 35.00 227234
s b 0 25.00 0.6302 35.00 227244
s b 0 25.00 0.6302 35.00 227254
s b 0 25.00 0.6302 35.00 227264
s b 0 24.97 0.6316 35.00 227274
s b 0 24.97 0.6316 35.00 227284
s b 0 24.97 0.6316 35.00 227294
s b 0 24.97 0.6316 35.00 227304
s b 0 24.97 0.6316 35.00 227314
s b 0 24.94 0.6330 35.00 227324
s b 0 24.94 0.6330 35.00 227334
s b 0 24.94 0.6330 35.00 227344
s b 0 24.94 0.6330 35.00 227354
s b 0 24.94 0.6330 35.00 227364
s b 0 24.94 0.6330 35.00 227374
s b 0 24.94 0.6330 35.00 227384
s b 0 24.94 0.6330 35.00 227394
s b 0 24.97 0.6316 35.00 227404
s b 0 24.97 0.6316 35.00 227414
s b 0 24.97 0.6316 35.00 227424
s b 0 25.00 0.6302 35.00 227434
s b 0 25.03 0.6287 35.00 227444
s b 0 25.03 0.6287 35.00 227454
s b 0 25.00 0.6302 35.00 227464
s b 0 25.03 0.6287 35.00 227474
s b 0 25.03 0.6287 35.00 227484
s b 0 25.03 0.6287 35.00 227494
s b 0 24.97 0.6316 35.00 227504
s b 0 24.94 0.6330 35.00 227514
s b 0 24.94 0.6330 35.00 227524
s b 0 24.94 0.6330 35.00 227534
s b 0 24.94 0.6330 35.00 227544
s b 0 24.94 0.6330 35.00 227554
s b 0 24.94 0.6330 35.00 227564
s b 0 24.94 0.6330 35.00 227574
s b 0 24.91 0.6345 35.00 227584
s b 0 24.94 0.6330 35.00 227594
s b 0 24.97 0.6316 35.00 227604
s b 0 24.97 0.6316 35.00 227614
s b 0 24.97 0.6316 35.00 227624
s b 0 25.00 0.6302 35.00 227634
s b 0 25.00 0.6302 35.00 227644
s b 0 25.00 0.6302 35.00 227654
s b 0 25.00 0.6302 35.00 227664
s b 0 25.03 0.6287 35.00 227674
s b 0 25.00 0.6302 35.00 227684
s b 0 25.00 0.6302 35.00 227694
s b 0 24.97 0.6316 35.00 227704
s b 0 25.00 0.6302 35.00 227714
s b 0 25.00 0.6302 35.00 227724
s b 0 25.00 0.6302 35.00 227734
s b 0 25.00 0.6302 35.00 227744
s b 0 25.00 0.6302 35.00 227754
s b 0 25.00 0.6302 35.00 227764
s b 0 25.00 0.6302 35.00 227774
s b 0 24.94 0.6330 35.00 227784
s b 0 24.94 0.6330 35.00 227794
s b 0 24.94 0.6330 35.00 227804
s b 0 24.94 0.6330 35.00 227814
s b 0 24.94 0.6330 35.00 227824
s b 0 24.94 0.6330 35.00 227834
s b 0 24.94 0.6330 35.00 227844
s b 0 24.94 0.6330 35.00 227854
s b 0 24.94 0.6330 35.00 227864
s b 0 24.94 0.6330 35.00 227874
s b 0 24.94 0.6330 35.00 227884
s b 0 24.97 0.6316 35.00 227894
s b 0 24.97 0.6316 35.00 227904
s b 0 24.97 0.6316 35.00 227914
s b 0 24.97 0.6316 35.00 227924
s b 0 24.97 0.6316 35.00 227934
s b 0 24.97 0.6316 35.00 227944
s b 0 25.00 0.6302 35.00 227954
s b 0 25.00 0.6302 35.00 227964
s b 0 25.00 0.6302 35.00 227974
s b 0 24.97 0.6316 35.00 227984
s b 0 24.97 0.6316 35.00 227994
s b 0 24.97 0.6316 35.00 228004
s b 0 24.97 0.6316 35.00 228014
s b 0 24.94 0.6330 35.00 228024
s b 0 24.97 0.6316 35.00 228034
s b 0 24.94 0.6330 35.00 228044
s b 0 24.94 0.6330 35.00 228054
s b 0 24.88 0.6359 35.00 228064
s b 0 24.88 0.6359 35.00 228074
s b 0 24.88 0.6359 35.00 228084
s b 0 24.94 0.6330 35.00 228094
s b 0 24.97 0.6316 35.00 228104
s b 0 24.97 0.6316 35.00 228114
s b 0 24.97 0.6316 35.00 228124
s b 0 24.97 0.6316 35.00 228134
s b 0 25.03 0.6287 35.00 228144
s b 0 25.03 0.6287 35.00 228154
s b 0 25.03 0.6287 35.00 228164
s b 0 25.03 0.6287 35.00 228174
s b 0 25.03 0.6287 35.00 228184
s b 0 24.97 0.6316 35.00 228194
s b 0 24.97 0.6316 35.00 228204
s b 0 24.97 0.6316 35.00 228214
s b 0 24.94 0.6330 35.00 228224
s b 0 24.94 0.6330 35.00 228234
s b 0 24.94 0.6330 35.00 228244
s b 0 24.94 0.6330 35.00 228254
s b 0 24.94 0.6330 35.00 228264
s b 0 24.94 0.6330 35.00 228274
s b 0 24.94 0.6330 35.00 228284
s b 0 24.94 0.6330 35.00 228294
s b 0 24.94 0.6330 35.00 228304
s b 0 24.97 0.6316 35.00 228314
s b 0 24.97 0.6316 35.00 228324
s b 0 25.00 0.6302 35.00 228334
s b 0 24.97 0.6316 35.00 228344
s b 0 24.97 0.6316 35.00 228354
s b 0 24.97 0.6316 35.00 228364
s b 0 24.97 0.6316 35.00 228374
s b 0 24.97 0.6316 35.00 228384
s b 0 24.94 0.6330 35.00 228394
s b 0 24.94 0.6330 35.00 228404
s b 0 24.94 0.6330 35.00 228414
s b 0 24.94 0.6330 35.00 228424
s b 0 24.94 0.6330 35.00 228434
s b 0 24.94 0.6330 35.00 228444
s b 0 24.94 0.6330 35.00 228454
s b 0 24.94 0.6330 35.00 228464
s b 0 24.94 0.6330 35.00 228474
s b 0 24.94 0.6330 35.00 228484
s b 0 25.00 0.6302 35.00 228494
s b 0 25.00 0.6302 35.00 228504
s b 0 25.03 0.6287 35.00 228514
s b 0 25.03 0.6287 35.00 228524
s b 0 25.03 0.6287 35.00 228534
s b 0 25.03 0.6287 35.00 228544
s b 0 25.03 0.6287 35.00 228554
s b 0 25.03 0.6287 35.00 228564
s b 0 25.03 0.6287 35.00 228574
s b 0 24.97 0.6316 35.00 228584
s b 0 24.97 0.6316 35.00 228594
s b 0 24.97 0.6316 35.00 228604
s b 0 24.94 0.6330 35.00 228614
s b 0 24.94 0.6330 35.00 228624
s b 0 24.94 0.6330 35.00 228634
s b 0 24.94 0.6330 35.00 228644
s b 0 24.94 0.6330 35.00 228654
s b 0 24.94 0.6330 35.00 228664
s b 0 24.94 0.6330 35.00 228674
s b 0 24.94 0.6330 35.00 228684
s b 0 24.94 0.6330 35.00 228694
s b 0 24.94 0.6330 35.00 228704
s b 0 24.94 0.6330 35.00 228714
s b 0 24.94 0.6330 35.00 228724
s b 0 24.94 0.6330 35.00 228734
s b 0 24.94 0.6330 35.00 228744
s b 0 25.00 0.6302 35.00 228754
s b 0 25.00 0.6302 35.00 228764
s b 0 25.03 0.6287 35.00 228774
s b 0 25.03 0.6287 35.00 228784
s b 0 25.03 0.6287 35.00 228794
s b 0 25.03 0.6287 35.00 228804
s b 0 25.00 0.6302 35.00 228814
s b 0 25.00 0.6302 35.00 228824
s b 0 24.97 0.6316 35.00 228834
s b 0 25.00 0.6302 35.00 228844
s b 0 24.97 0.6316 35.00 228854
s b 0 24.91 0.6345 35.00 228864
s b 0 24.91 0.6345 35.00 228874
s b 0 24.91 0.6345 35.00 228884
s b 0 24.91 0.6345 35.00 228894
s b 0 24.91 0.6345 35.00 228904
s b 0 24.91 0.6345 35.00 228914
s b 0 24.91 0.6345 35.00 228924
s b 0 24.94 0.6330 35.00 228934
s b 0 24.97 0.6316 35.00 228944
s b 0 24.97 0.6316 35.00 228954
s b 0 24.97 0.6316 35.00 228964
s b 0 25.00 0.6302 35.00 228974
s b 0 25.00 0.6302 35.00 228984
s b 0 24.97 0.6316 35.00 228994
s b 0 24.97 0.6316 35.00 229004
s b 0 24.97 0.6316 35.00 229014
s b 0 24.97 0.6316 35.00 229024
s b 0 25.00 0.6302 35.00 229034
s b 0 24.97 0.6316 35.00 229044
s b 0 24.94 0.6330 35.00 229054
s b 0 24.94 0.6330 35.00 229064
s b 0 24.94 0.6330 35.00 229074
s b 0 24.94 0.6330 35.00 229084
s b 0 24.94 0.6330 35.00 229094
s b 0 24.94 0.6330 35.00 229104
s b 0 24.94 0.6330 35.00 229114
s b 0 24.97 0.6316 35.00 229124
s b 0 24.97 0.6316 35.00 229134
s b 0 24.97 0.6316 35.00 229144
s b 0 24.97 0.6316 35.00 229154
s b 0 24.97 0.6316 35.00 229164
s b 0 24.97 0.6316 35.00 229174
s b 0 24.97 0.6316 35.00 229184
s b 0 24.97 0.6316 35.00 229194
s b 0 24.97 0.6316 35.00 229204
s b 0 24.97 0.6316 35.00 229214
s b 0 24.97 0.6316 35.00 229224
s b 0 24.97 0.6316 35.00 229234
s b 0 24.94 0.6330 35.00 229244
s b 0 24.94 0.6330 35.00 229254
s b 0 24.94 0.6330 35.00 229264
s b 0 24.94 0.6330 35.00 229274
s b 0 24.94 0.6330 35.00 229284
s b 0 24.94 0.6330 35.00 229294
s b 0 24.94 0.6330 35.00 229304
s b 0 24.94 0.6330 35.00 229314
s b 0 24.94 0.6330 35.00 229324
s b 0 24.94 0.6330 35.00 229334
s b 0 24.94 0.6330 35.00 229344
s b 0 24.94 0.6330 35.00 229354
s b 0 24.94 0.6330 35.00 229364
s b 0 24.94 0.6330 35.00 229374
s b 0 24.94 0.6330 35.00 229384
s b 0 24.88 0.6359 35.00 229394
s b 0 24.94 0.6330 35.00 229404
s b 0 24.88 0.6359 35.00 229414
s b 0 24.94 0.6330 35.00 229424
s b 0 24.94 0.6330 35.00 229434
s b 0 24.94 0.6330 35.00 229444
s b 0 24.94 0.6330 35.00 229454
s b 0 24.94 0.6330 35.00 229464
s b 0 24.91 0.6345 35.00 229474
s b 0 24.94 0.6330 35.00 229484
s b 0 24.94 0.6330 35.00 229494
s b 0 24.94 0.6330 35.00 229504
s b 0 24.94 0.6330 35.00 229514
s b 0 24.97 0.6316 35.00 229524
s b 0 24.94 0.6330 35.00 229534
s b 0 24.97 0.6316 35.00 229544
s b 0 24.97 0.6316 35.00 229554
s b 0 24.97 0.6316 35.00 229564
s b 0 24.97 0.6316 35.00 229574
s b 0 24.97 0.6316 35.00 229584
s b 0 24.97 0.6316 35.00 229594
s b 0 24.97 0.6316 35.00 229604
s b 0 24.97 0.6316 35.00 229614
s b 0 24.97 0.6316 35.00 229624
s b 0 24.97 0.6316 35.00 229634
s b 0 24.97 0.6316 35.00 229644
s b 0 24.97 0.6316 35.00 229654
s b 0 24.97 0.6316 35.00 229664
s b 0 24.94 0.6330 35.00 229674
s b 0 24.94 0.6330 35.00 229684
s b 0 24.94 0.6330 35.00 229694
s b 0 24.94 0.6330 35.00 229704
s b 0 24.94 0.6330 35.00 229714
s b 0 24.94 0.6330 35.00 229724
s b 0 24.94 0.6330 35.00 229734
s b 0 24.94 0.6330 35.00 229744
s b 0 24.97 0.6316 35.00 229754
s b 0 24.97 0.6316 35.00 229764
s b 0 24.97 0.6316 35.00 229774
s b 0 24.97 0.6316 35.00 229784
s b 0 24.97 0.6316 35.00 229794
s b 0 24.97 0.6316 35.00 229804
s b 0 24.97 0.6316 35.00 229814
s b 0 24.97 0.6316 35.00 229824
s b 0 24.97 0.6316 35.00 229834
s b 0 24.97 0.6316 35.00 229844
s b 0 24.97 0.6316 35.00 229854
s b 0 24.91 0.6345 35.00 229864
s b 0 24.88 0.6359 35.00 229874
s b 0 24.91 0.6345 35.00 229884
s b 0 24.97 0.6316 35.00 229894
s b 0 24.97 0.6316 35.00 229904
s b 0 24.97 0.6316 35.00 229914
s b 0 25.00 0.6302 35.00 229924
s b 0 24.97 0.6316 35.00 229934
s b 0 25.00 0.6302 35.00 229944
s b 0 25.00 0.6302 35.00 229954
s b 0 25.00 0.6302 35.00 229964
s b 0 25.00 0.6302 35.00 229974
s b 0 25.00 0.6302 35.00 229984
s b 0 25.00 0.6302 35.00 229994
s b 0 24.97 0.6316 35.00 230004
s b 0 24.94 0.6330 35.00 230014
s b 0 24.88 0.6359 35.00 230024
s b 0 24.88 0.6359 35.00 230034
s b 0 24.88 0.6359 35.00 230044
s b 0 24.88 0.6359 35.00 230054
s b 0 24.85 0.6373 35.00 230064
s b 0 24.85 0.6373 35.00 230074
s b 0 24.88 0.6359 35.00 230084
s b 0 24.88 0.6359 35.00 230094
s b 0 24.88 0.6359 35.00 230104
s b 0 24.88 0.6359 35.00 230114
s b 0 24.97 0.6316 35.00 230124
s b 0 24.97 0.6316 35.00 230134
s b 0 24.97 0.6316 35.00 230144
s b 0 25.00 0.6302 35.00 230154
s b 0 25.00 0.6302 35.00 230164
s b 0 25.00 0.6302 35.00 230174
s b 0 25.00 0.6302 35.00 230184
s b 0 25.00 0.6302 35.00 230194
s b 0 25.00 0.6302 35.00 230204
s b 0 25.00 0.6302 35.00 230214
s b 0 25.00 0.6302 35.00 230224
s b 0 24.97 0.6316 35.00 230234
s b 0 24.97 0.6316 35.00 230244
s b 0 24.94 0.6330 35.00 230254
s b 0 24.94 0.6330 35.00 230264
s b 0 24.94 0.6330 35.00 230274
s b 0 24.94 0.6330 35.00 230284
s b 0 24.94 0.6330 35.00 230294
s b 0 24.91 0.6345 35.00 230304
s b 0 24.91 0.6345 35.00 230314
s b 0 24.94 0.6330 35.00 230324
s b 0 24.97 0.6316 35.00 230334
s b 0 24.97 0.6316 35.00 230344
s b 0 24.97 0.6316 35.00 230354
s b 0 24.97 0.6316 35.00 230364
s b 0 24.97 0.6316 35.00 230374
s b 0 24.97 0.6316 35.00 230384
s b 0 24.97 0.6316 35.00 230394
s b 0 24.97 0.6316 35.00 230404
s b 0 24.97 0.6316 35.00 230414
s b 0 24.94 0.6330 35.00 230424
s b 0 24.94 0.6330 35.00 230434
s b 0 24.94 0.6330 35.00 230444
s b 0 24.94 0.6330 35.00 230454
s b 0 24.94 0.6330 35.00 230464
s b 0 24.91 0.6345 35.00 230474
s b 0 24.94 0.6330 35.00 230484
s b 0 24.94 0.6330 35.00 230494
s b 0 24.94 0.6330 35.00 230504
s b 0 24.94 0.6330 35.00 230514
s b 0 24.94 0.6330 35.00 230524
s b 0 24.94 0.6330 35.00 230534
s b 0 25.00 0.6302 35.00 230544
s b 0 25.00 0.6302 35.00 230554
s b 0 25.00 0.6302 35.00 230564
s b 0 24.94 0.6330 35.00 230574
s b 0 24.94 0.6330 35.00 230584
s b 0 24.94 0.6330 35.00 230594
s b 0 24.94 0.6330 35.00 230604
s b 0 24.94 0.6330 35.00 230614
s b 0 24.94 0.6330 35.00 230624
s b 0 24.94 0.6330 35.00 230634
s b 0 24.94 0.6330 35.00 230644
s b 0 24.94 0.6330 35.00 230654
s b 0 24.94 0.6330 35.00 230664
s b 0 24.94 0.6330 35.00 230674
s b 0 24.94 0.6330 35.00 230684
s b 0 24.94 0.6330 35.00 230694
s b 0 24.94 0.6330 35.00 230704
s b 0 24.94 0.6330 35.00 230714
s b 0 24.97 0.6316 35.00 230724
s b 0 24.97 0.6316 35.00 230734
s b 0 24.97 0.6316 35.00 230744
s b 0 24.97 0.6316 35.00 230754
s b 0 24.97 0.6316 35.00 230764
s b 0 24.97 0.6316 35.00 230774
s b 0 24.97 0.6316 35.00 230784
s b 0 24.97 0.6316 35.00 230794
s b 0 24.97 0.6316 35.00 230804
s b 0 24.97 0.6316 35.00 230814
s b 0 24.97 0.6316 35.00 230824
s b 0 24.97 0.6316 35.00 230834
s b 0 24.94 0.6330 35.00 230844
s b 0 24.97 0.6316 35.00 230854
s b 0 24.97 0.6316 35.00 230864
s b 0 24.97 0.6316 35.00 230874
s b 0 24.97 0.6316 35.00 230884
s b 0 24.97 0.6316 35.00 230894
s b 0 24.97 0.6316 35.00 230904
s b 0 24.97 0.6316 35.00 230914
s b 0 24.94 0.6330 35.00 230924
s b 0 24.91 0.6345 35.00 230934
s b 0 24.91 0.6345 35.00 230944
s b 0 24.91 0.6345 35.00 230954
s b 0 24.91 0.6345 35.00 230964
s b 0 24.91 0.6345 35.00 230974
s b 0 24.91 0.6345 35.00 230984
s b 0 24.91 0.6345 35.00 230994
s b 0 24.91 0.6345 35.00 231004
s b 0 24.91 0.6345 35.00 231014
s b 0 24.91 0.6345 35.00 231024
s b 0 24.91 0.6345 35.00 231034
s b 0 24.97 0.6316 35.00 231044
s b 0 24.97 0.6316 35.00 231054
s b 0 24.97 0.6316 35.00 231064
s b 0 24.97 0.6316 35.00 231074
s b 0 24.97 0.6316 35.00 231084
s b 0 24.97 0.6316 35.00 231094
s b 0 24.94 0.6330 35.00 231104
s b 0 24.94 0.6330 35.00 231114
s b 0 24.94 0.6330 35.00 231124
s b 0 24.94 0.6330 35.00 231134
s b 0 24.94 0.6330 35.00 231144
s b 0 24.94 0.6330 35.00 231154
s b 0 24.94 0.6330 35.00 231164
s b 0 24.94 0.6330 35.00 231174
s b 0 24.94 0.6330 35.00 231184
s b 0 24.94 0.6330 35.00 231194
s b 0 24.94 0.6330 35.00 231204
s b 0 24.94 0.6330 35.00 231214
s b 0 24.97 0.6316 35.00 231224
s b 0 25.00 0.6302 35.00 231234
s b 0 24.97 0.6316 35.00 231244
s b 0 25.00 0.6302 35.00 231254
s b 0 25.00 0.6302 35.00 231264
s b 0 25.00 0.6302 35.00 231274
s b 0 25.00 0.6302 35.00 231284
s b 0 24.97 0.6316 35.00 231294
s b 0 24.94 0.6330 35.00 231304
s b 0 24.94 0.6330 35.00 231314
s b 0 24.85 0.6373 35.00 231324
s b 0 24.85 0.6373 35.00 231334
s b 0 24.85 0.6373 35.00 231344
s b 0 24.85 0.6373 35.00 231354
s b 0 24.85 0.6373 35.00 231364
s b 0 24.85 0.6373 35.00 231374
s b 0 24.85 0.6373 35.00 231384
s b 0 24.85 0.6373 35.00 231394
s b 0 24.94 0.6330 35.00 231404
s b 0 25.00 0.6302 35.00 231414
s b 0 25.00 0.6302 35.00 231424
s b 0 25.00 0.6302 35.00 231434
s b 0 25.00 0.6302 35.00 231444
s b 0 25.00 0.6302 35.00 231454
s b 0 25.00 0.6302 35.00 231464
s b 0 25.00 0.6302 35.00 231474
s b 0 25.00 0.6302 35.00 231484
s b 0 25.00 0.6302 35.00 231494
s b 0 24.97 0.6316 35.00 231504
s b 0 24.97 0.6316 35.00 231514
s b 0 24.94 0.6330 35.00 231524
s b 0 24.94 0.6330 35.00 231534
s b 0 24.94 0.6330 35.00 231544
s b 0 24.94 0.6330 35.00 231554
s b 0 24.88 0.6359 35.00 231564
s b 0 24.94 0.6330 35.00 231574
s b 0 24.88 0.6359 35.00 231584
s b 0 24.88 0.6359 35.00 231594
s b 0 24.91 0.6345 35.00 231604
s b 0 24.94 0.6330 35.00 231614
s b 0 24.94 0.6330 35.00 231624
s b 0 24.97 0.6316 35.00 231634
s b 0 25.00 0.6302 35.00 231644
s b 0 25.00 0.6302 35.00 231654
s b 0 25.00 0.6302 35.00 231664
s b 0 25.00 0.6302 35.00 231674
s b 0 24.97 0.6316 35.00 231684
s b 0 25.00 0.6302 35.00 231694
s b 0 25.00 0.6302 35.00 231704
s b 0 24.97 0.6316 35.00 231714
s b 0 24.97 0.6316 35.00 231724
s b 0 24.94 0.6330 35.00 231734
s b 0 24.94 0.6330 35.00 231744
s b 0 24.91 0.6345 35.00 231754
s b 0 24.88 0.6359 35.00 231764
s b 0 24.88 0.6359 35.00 231774
s b 0 24.88 0.6359 35.00 231784
s b 0 24.88 0.6359 35.00 231794
s b 0 24.88 0.6359 35.00 231804
s b 0 24.88 0.6359 35.00 231814
s b 0 24.94 0.6330 35.00 231824
s b 0 24.94 0.6330 35.00 231834
s b 0 24.97 0.6316 35.00 231844
s b 0 24.97 0.6316 35.00 231854
s b 0 25.00 0.6302 35.00 231864
s b 0 25.00 0.6302 35.00 231874
s b 0 25.00 0.6302 35.00 231884
s b 0 25.00 0.6302 35.00 231894
s b 0 25.00 0.6302 35.00 231904
s b 0 24.94 0.6330 35.00 231914
s b 0 24.94 0.6330 35.00 231924
s b 0 24.94 0.6330 35.00 231934
s b 0 24.94 0.6330 35.00 231944
s b 0 24.94 0.6330 35.00 231954
s b 0 24.91 0.6345 35.00 231964
s b 0 24.91 0.6345 35.00 231974
s b 0 24.91 0.6345 35.00 231984
s b 0 24.91 0.6345 35.00 231994
s b 0 24.91 0.6345 35.00 232004
s b 0 24.94 0.6330 35.00 232014
s b 0 24.94 0.6330 35.00 232024
s b 0 24.94 0.6330 35.00 232034
s b 0 24.94 0.6330 35.00 232044
s b 0 24.97 0.6316 35.00 232054
s b 0 25.00 0.6302 35.00 232064
s b 0 25.00 0.6302 35.00 232074
s b 0 25.00 0.6302 35.00 232084
s b 0 25.00 0.6302 35.00 232094
s b 0 25.00 0.6302 35.00 232104
s b 0 24.94 0.6330 35.00 232114
s b 0 24.94 0.6330 35.00 232124
s b 0 24.88 0.6359 35.00 232134
s b 0 24.88 0.6359 35.00 232144
s b 0 24.88 0.6359 35.00 232154
s b 0 24.88 0.6359 35.00 232164
s b 0 24.88 0.6359 35.00 232174
s b 0 24.88 0.6359 35.00 232184
s b 0 24.88 0.6359 35.00 232194
s b 0 24.94 0.6330 35.00 232204
s b 0 24.94 0.6330 35.00 232214
s b 0 24.94 0.6330 35.00 232224
s b 0 24.97 0.6316 35.00 232234
s b 0 25.00 0.6302 35.00 232244
s b 0 25.00 0.6302 35.00 232254
s b 0 25.00 0.6302 35.00 232264
s b 0 25.00 0.6302 35.00 232274
s b 0 25.00 0.6302 35.00 232284
s b 0 25.00 0.6302 35.00 232294
s b 0 24.97 0.6316 35.00 232304
s b 0 24.94 0.6330 35.00 232314
s b 0 24.88 0.6359 35.00 232324
s b 0 24.88 0.6359 35.00 232334
s b 0 24.88 0.6359 35.00 232344
s b 0 24.88 0.6359 35.00 232354
s b 0 24.88 0.6359 35.00 232364
s b 0 24.88 0.6359 35.00 232374
s b 0 24.88 0.6359 35.00 232384
s b 0 24.88 0.6359 35.00 232394
s b 0 24.88 0.6359 35.00 232404
s b 0 24.91 0.6345 35.00 232414
ack
s b 0 24.91 0.0000 10.00 232424
s b 0 24.91 0.0000 10.00 232434
s b 0 24.91 0.0000 10.00 232444
s b 0 24.91 0.0000 10.00 232454
s b 0 14.62 0.0000 10.00 232464
s b 0 14.62 0.0000 10.00 232474
s b 0 14.62 0.0000 10.00 232484
s b 0 14.62 0.0000 10.00 232494
s b 0 8.30 0.2149 10.00 232504
s b 0 8.30 0.2149 10.00 232514
s b 0 8.30 0.2149 10.00 232524
s b 0 8.30 0.2149 10.00 232534
s b 0 8.30 0.2149 10.00 232544
s b 0 8.30 0.2149 10.00 232554
s b 0 8.06 0.2270 10.00 232564
s b 0 8.06 0.2270 10.00 232574
s b 0 8.06 0.2270 10.00 232584
s b 0 8.06 0.2270 10.00 232594
s b 0 8.06 0.2270 10.00 232604
s b 0 8.06 0.2270 10.00 232614
s b 0 8.18 0.2210 10.00 232624
s b 0 8.37 0.2118 10.00 232634
s b 0 8.49 0.2057 10.00 232644
s b 0 8.63 0.1988 10.00 232654
s b 0 8.75 0.1925 10.00 232664
s b 0 8.86 0.1868 10.00 232674
s b 0 8.86 0.1868 10.00 232684
s b 0 8.86 0.1868 10.00 232694
s b 0 8.86 0.1868 10.00 232704
s b 0 8.86 0.1868 10.00 232714
s b 0 8.86 0.1868 10.00 232724
s b 0 8.84 0.1881 10.00 232734
s b 0 8.79 0.1906 10.00 232744
s b 0 8.66 0.1969 10.00 232754
s b 0 8.61 0.1994 10.00 232764
s b 0 8.55 0.2026 10.00 232774
s b 0 8.45 0.2075 10.00 232784
s b 0 8.45 0.2075 10.00 232794
s b 0 8.44 0.2081 10.00 232804
s b 0 8.43 0.2087 10.00 232814
s b 0 8.43 0.2087 10.00 232824
s b 0 8.43 0.2087 10.00 232834
s b 0 8.44 0.2081 10.00 232844
s b 0 8.44 0.2081 10.00 232854
s b 0 8.45 0.2075 10.00 232864
s b 0 8.50 0.2050 10.00 232874
s b 0 8.55 0.2026 10.00 232884
s b 0 8.55 0.2026 10.00 232894
s b 0 8.59 0.2007 10.00 232904
s b 0 8.60 0.2001 10.00 232914
s b 0 8.60 0.2001 10.00 232924
s b 0 8.61 0.1994 10.00 232934
s b 0 8.61 0.1994 10.00 232944
s b 0 8.61 0.1994 10.00 232954
s b 0 8.61 0.1994 10.00 232964
s b 0 8.60 0.2001 10.00 232974
s b 0 8.59 0.2007 10.00 232984
s b 0 8.59 0.2007 10.00 232994
s b 0 8.58 0.2013 10.00 233004
s b 0 8.55 0.2026 10.00 233014
s b 0 8.55 0.2026 10.00 233024
s b 0 8.50 0.2050 10.00 233034
s b 0 8.50 0.2050 10.00 233044
s b 0 8.50 0.2050 10.00 233054
s b 0 8.50 0.2050 10.00 233064
s b 0 8.50 0.2050 10.00 233074
s b 0 8.50 0.2050 10.00 233084
s b 0 8.50 0.2050 10.00 233094
s b 0 8.53 0.2038 10.00 233104
s b 0 8.53 0.2038 10.00 233114
s b 0 8.53 0.2038 10.00 233124
s b 0 8.53 0.2038 10.00 233134
s b 0 8.54 0.2032 10.00 233144
s b 0 8.54 0.2032 10.00 233154
s b 0 8.55 0.2026 10.00 233164
s b 0 8.55 0.2026 10.00 233174
s b 0 8.54 0.2032 10.00 233184
s b 0 8.54 0.2032 10.00 233194
s b 0 8.54 0.2032 10.00 233204
s b 0 8.54 0.2032 10.00 233214
s b 0 8.56 0.2019 10.00 233224
s b 0 8.56 0.2019 10.00 233234
s b 0 8.55 0.2026 10.00 233244
s b 0 8.55 0.2026 10.00 233254
s b 0 8.55 0.2026 10.00 233264
s b 0 8.55 0.2026 10.00 233274
s b 0 8.55 0.2026 10.00 233284
s b 0 8.55 0.2026 10.00 233294
s b 0 8.55 0.2026 10.00 233304
s b 0 8.55 0.2026 10.00 233314
s b 0 8.55 0.2026 10.00 233324
s b 0 8.55 0.2026 10.00 233334
s b 0 8.55 0.2026 10.00 233344
s b 0 8.54 0.2032 10.00 233354
s b 0 8.54 0.2032 10.00 233364
s b 0 8.53 0.2038 10.00 233374
s b 0 8.53 0.2038 10.00 233384
s b 0 8.53 0.2038 10.00 233394
s b 0 8.53 0.2038 10.00 233404
s b 0 8.53 0.2038 10.00 233414
s b 0 8.53 0.2038 10.00 233424
s b 0 8.53 0.2038 10.00 233434
s b 0 8.51 0.2044 10.00 233444
s b 0 8.51 0.2044 10.00 233454
s b 0 8.51 0.2044 10.00 233464
s b 0 8.53 0.2038 10.00 233474
s b 0 8.55 0.2026 10.00 233484
s b 0 8.55 0.2026 10.00 233494
s b 0 8.55 0.2026 10.00 233504
s b 0 8.56 0.2019 10.00 233514
s b 0 8.56 0.2019 10.00 233524
s b 0 8.55 0.2026 10.00 233534
s b 0 8.55 0.2026 10.00 233544
s b 0 8.55 0.2026 10.00 233554
s b 0 8.55 0.2026 10.00 233564
s b 0 8.55 0.2026 10.00 233574
s b 0 8.55 0.2026 10.00 233584
s b 0 8.54 0.2032 10.00 233594
s b 0 8.54 0.2032 10.00 233604
s b 0 8.53 0.2038 10.00 233614
s b 0 8.53 0.2038 10.00 233624
s b 0 8.54 0.2032 10.00 233634
s b 0 8.53 0.2038 10.00 233644
s b 0 8.51 0.2044 10.00 233654
s b 0 8.51 0.2044 10.00 233664
s b 0 8.51 0.2044 10.00 233674
s b 0 8.51 0.2044 10.00 233684
s b 0 8.51 0.2044 10.00 233694
s b 0 8.53 0.2038 10.00 233704
s b 0 8.54 0.2032 10.00 233714
s b 0 8.55 0.2026 10.00 233724
s b 0 8.55 0.2026 10.00 233734
s b 0 8.54 0.2032 10.00 233744
s b 0 8.54 0.2032 10.00 233754
s b 0 8.54 0.2032 10.00 233764
s b 0 8.54 0.2032 10.00 233774
s b 0 8.54 0.2032 10.00 233784
s b 0 8.51 0.2044 10.00 233794
s b 0 8.54 0.2032 10.00 233804
s b 0 8.54 0.2032 10.00 233814
s b 0 8.53 0.2038 10.00 233824
s b 0 8.53 0.2038 10.00 233834
s b 0 8.51 0.2044 10.00 233844
s b 0 8.51 0.2044 10.00 233854
s b 0 8.53 0.2038 10.00 233864
s b 0 8.53 0.2038 10.00 233874
s b 0 8.53 0.2038 10.00 233884
s b 0 8.53 0.2038 10.00 233894
s b 0 8.53 0.2038 10.00 233904
s b 0 8.53 0.2038 10.00 233914
s b 0 8.53 0.2038 10.00 233924
s b 0 8.53 0.2038 10.00 233934
s b 0 8.53 0.2038 10.00 233944
s b 0 8.54 0.2032 10.00 233954
s b 0 8.54 0.2032 10.00 233964
s b 0 8.54 0.2032 10.00 233974
s b 0 8.54 0.2032 10.00 233984
s b 0 8.58 0.2013 10.00 233994
s b 0 8.54 0.2032 10.00 234004
s b 0 8.54 0.2032 10.00 234014
s b 0 8.58 0.2013 10.00 234024
s b 0 8.58 0.2013 10.00 234034
s b 0 8.53 0.2038 10.00 234044
s b 0 8.53 0.2038 10.00 234054
s b 0 8.53 0.2038 10.00 234064
s b 0 8.53 0.2038 10.00 234074
s b 0 8.53 0.2038 10.00 234084
s b 0 8.53 0.2038 10.00 234094
s b 0 8.51 0.2044 10.00 234104
s b 0 8.53 0.2038 10.00 234114
s b 0 8.51 0.2044 10.00 234124
s b 0 8.51 0.2044 10.00 234134
s b 0 8.53 0.2038 10.00 234144
s b 0 8.53 0.2038 10.00 234154
s b 0 8.54 0.2032 10.00 234164
s b 0 8.53 0.2038 10.00 234174
s b 0 8.54 0.2032 10.00 234184
s b 0 8.54 0.2032 10.00 234194
s b 0 8.56 0.2019 10.00 234204
s b 0 8.56 0.2019 10.00 234214
s b 0 8.54 0.2032 10.00 234224
s b 0 8.54 0.2032 10.00 234234
s b 0 8.54 0.2032 10.00 234244
s b 0 8.54 0.2032 10.00 234254
s b 0 8.55 0.2026 10.00 234264
s b 0 8.54 0.2032 10.00 234274
s b 0 8.55 0.2026 10.00 234284
s b 0 8.54 0.2032 10.00 234294
s b 0 8.53 0.2038 10.00 234304
s b 0 8.51 0.2044 10.00 234314
s b 0 8.51 0.2044 10.00 234324
s b 0 8.53 0.2038 10.00 234334
s b 0 8.51 0.2044 10.00 234344
s b 0 8.53 0.2038 10.00 234354
s b 0 8.51 0.2044 10.00 234364
s b 0 8.51 0.2044 10.00 234374
s b 0 8.51 0.2044 10.00 234384
s b 0 8.51 0.2044 10.00 234394
s b 0 8.51 0.2044 10.00 234404
s b 0 8.54 0.2032 10.00 234414
s b 0 8.55 0.2026 10.00 234424
s b 0 8.55 0.2026 10.00 234434
s b 0 8.54 0.2032 10.00 234444
s b 0 8.54 0.2032 10.00 234454
s b 0 8.54 0.2032 10.00 234464
s b 0 8.54 0.2032 10.00 234474
s b 0 8.54 0.2032 10.00 234484
s b 0 8.54 0.2032 10.00 234494
s b 0 8.54 0.2032 10.00 234504
s b 0 8.53 0.2038 10.00 234514
s b 0 8.51 0.2044 10.00 234524
s b 0 8.51 0.2044 10.00 234534
s b 0 8.51 0.2044 10.00 234544
s b 0 8.51 0.2044 10.00 234554
s b 0 8.51 0.2044 10.00 234564
s b 0 8.51 0.2044 10.00 234574
s b 0 8.51 0.2044 10.00 234584
s b 0 8.51 0.2044 10.00 234594
s b 0 8.51 0.2044 10.00 234604
s b 0 8.53 0.2038 10.00 234614
s b 0 8.55 0.2026 10.00 234624
s b 0 8.55 0.2026 10.00 234634
s b 0 8.56 0.2019 10.00 234644
s b 0 8.56 0.2019 10.00 234654
s b 0 8.56 0.2019 10.00 234664
s b 0 8.56 0.2019 10.00 234674
s b 0 8.55 0.2026 10.00 234684
s b 0 8.55 0.2026 10.00 234694
s b 0 8.55 0.2026 10.00 234704
s b 0 8.55 0.2026 10.00 234714
s b 0 8.55 0.2026 10.00 234724
s b 0 8.53 0.2038 10.00 234734
s b 0 8.51 0.2044 10.00 234744
s b 0 8.51 0.2044 10.00 234754
s b 0 8.51 0.2044 10.00 234764
s b 0 8.51 0.2044 10.00 234774
s b 0 8.51 0.2044 10.00 234784
s b 0 8.51 0.2044 10.00 234794
s b 0 8.51 0.2044 10.00 234804
s b 0 8.53 0.2038 10.00 234814
s b 0 8.53 0.2038 10.00 234824
s b 0 8.53 0.2038 10.00 234834
s b 0 8.53 0.2038 10.00 234844
s b 0 8.56 0.2019 10.00 234854
s b 0 8.56 0.2019 10.00 234864
s b 0 8.56 0.2019 10.00 234874
s b 0 8.56 0.2019 10.00 234884
s b 0 8.56 0.2019 10.00 234894
s b 0 8.51 0.2044 10.00 234904
s b 0 8.51 0.2044 10.00 234914
s b 0 8.51 0.2044 10.00 234924
s b 0 8.51 0.2044 10.00 234934
s b 0 8.53 0.2038 10.00 234944
s b 0 8.53 0.2038 10.00 234954
s b 0 8.51 0.2044 10.00 234964
s b 0 8.53 0.2038 10.00 234974
s b 0 8.53 0.2038 10.00 234984
s b 0 8.53 0.2038 10.00 234994
s b 0 8.53 0.2038 10.00 235004
s b 0 8.53 0.2038 10.00 235014
s b 0 8.53 0.2038 10.00 235024
s b 0 8.53 0.2038 10.00 235034
s b 0 8.53 0.2038 10.00 235044
s b 0 8.53 0.2038 10.00 235054
s b 0 8.53 0.2038 10.00 235064
s b 0 8.53 0.2038 10.00 235074
s b 0 8.53 0.2038 10.00 235084
s b 0 8.53 0.2038 10.00 235094
s b 0 8.55 0.2026 10.00 235104
s b 0 8.55 0.2026 10.00 235114
s b 0 8.55 0.2026 10.00 235124
s b 0 8.55 0.2026 10.00 235134
s b 0 8.53 0.2038 10.00 235144
s b 0 8.55 0.2026 10.00 235154
s b 0 8.55 0.2026 10.00 235164
s b 0 8.55 0.2026 10.00 235174
s b 0 8.55 0.2026 10.00 235184
s b 0 8.55 0.2026 10.00 235194
s b 0 8.53 0.2038 10.00 235204
s b 0 8.53 0.2038 10.00 235214
s b 0 8.53 0.2038 10.00 235224
s b 0 8.53 0.2038 10.00 235234
s b 0 8.53 0.2038 10.00 235244
s b 0 8.53 0.2038 10.00 235254
s b 0 8.53 0.2038 10.00 235264
s b 0 8.53 0.2038 10.00 235274
s b 0 8.53 0.2038 10.00 235284
s b 0 8.53 0.2038 10.00 235294
s b 0 8.53 0.2038 10.00 235304
s b 0 8.53 0.2038 10.00 235314
s b 0 8.53 0.2038 10.00 235324
s b 0 8.53 0.2038 10.00 235334
s b 0 8.54 0.2032 10.00 235344
s b 0 8.54 0.2032 10.00 235354
s b 0 8.56 0.2019 10.00 235364
s b 0 8.56 0.2019 10.00 235374
s b 0 8.56 0.2019 10.00 235384
s b 0 8.54 0.2032 10.00 235394
s b 0 8.54 0.2032 10.00 235404
s b 0 8.54 0.2032 10.00 235414
s b 0 8.54 0.2032 10.00 235424
s b 0 8.54 0.2032 10.00 235434
s b 0 8.54 0.2032 10.00 235444
s b 0 8.54 0.2032 10.00 235454
s b 0 8.54 0.2032 10.00 235464
s b 0 8.54 0.2032 10.00 235474
s b 0 8.54 0.2032 10.00 235484
s b 0 8.54 0.2032 10.00 235494
s b 0 8.53 0.2038 10.00 235504
s b 0 8.54 0.2032 10.00 235514
s b 0 8.54 0.2032 10.00 235524
s b 0 8.55 0.2026 10.00 235534
s b 0 8.55 0.2026 10.00 235544
s b 0 8.55 0.2026 10.00 235554
s b 0 8.54 0.2032 10.00 235564
s b 0 8.51 0.2044 10.00 235574
s b 0 8.51 0.2044 10.00 235584
s b 0 8.51 0.2044 10.00 235594
s b 0 8.51 0.2044 10.00 235604
s b 0 8.53 0.2038 10.00 235614
s b 0 8.53 0.2038 10.00 235624
s b 0 8.53 0.2038 10.00 235634
s b 0 8.51 0.2044 10.00 235644
s b 0 8.51 0.2044 10.00 235654
s b 0 8.53 0.2038 10.00 235664
s b 0 8.53 0.2038 10.00 235674
s b 0 8.53 0.2038 10.00 235684
s b 0 8.53 0.2038 10.00 235694
s b 0 8.54 0.2032 10.00 235704
s b 0 8.55 0.2026 10.00 235714
s b 0 8.54 0.2032 10.00 235724
s b 0 8.54 0.2032 10.00 235734
s b 0 8.54 0.2032 10.00 235744
s b 0 8.56 0.2019 10.00 235754
s b 0 8.54 0.2032 10.00 235764
s b 0 8.53 0.2038 10.00 235774
s b 0 8.53 0.2038 10.00 235784
s b 0 8.53 0.2038 10.00 235794
s b 0 8.53 0.2038 10.00 235804
s b 0 8.53 0.2038 10.00 235814
s b 0 8.51 0.2044 10.00 235824
s b 0 8.53 0.2038 10.00 235834
s b 0 8.51 0.2044 10.00 235844
s b 0 8.53 0.2038 10.00 235854
s b 0 8.53 0.2038 10.00 235864
s b 0 8.53 0.2038 10.00 235874
s b 0 8.53 0.2038 10.00 235884
s b 0 8.53 0.2038 10.00 235894
s b 0 8.53 0.2038 10.00 235904
s b 0 8.53 0.2038 10.00 235914
s b 0 8.53 0.2038 10.00 235924
s b 0 8.53 0.2038 10.00 235934
s b 0 8.53 0.2038 10.00 235944
s b 0 8.53 0.2038 10.00 235954
s b 0 8.53 0.2038 10.00 235964
s b 0 8.53 0.2038 10.00 235974
s b 0 8.53 0.2038 10.00 235984
s b 0 8.53 0.2038 10.00 235994
s b 0 8.54 0.2032 10.00 236004
s b 0 8.53 0.2038 10.00 236014
s b 0 8.53 0.2038 10.00 236024
s b 0 8.53 0.2038 10.00 236034
s b 0 8.54 0.2032 10.00 236044
s b 0 8.54 0.2032 10.00 236054
s b 0 8.55 0.2026 10.00 236064
s b 0 8.54 0.2032 10.00 236074
s b 0 8.55 0.2026 10.00 236084
s b 0 8.55 0.2026 10.00 236094
s b 0 8.54 0.2032 10.00 236104
s b 0 8.53 0.2038 10.00 236114
s b 0 8.54 0.2032 10.00 236124
s b 0 8.55 0.2026 10.00 236134
s b 0 8.54 0.2032 10.00 236144
s b 0 8.53 0.2038 10.00 236154
s b 0 8.51 0.2044 10.00 236164
s b 0 8.51 0.2044 10.00 236174
s b 0 8.51 0.2044 10.00 236184
s b 0 8.51 0.2044 10.00 236194
s b 0 8.51 0.2044 10.00 236204
s b 0 8.51 0.2044 10.00 236214
s b 0 8.53 0.2038 10.00 236224
s b 0 8.51 0.2044 10.00 236234
s b 0 8.51 0.2044 10.00 236244
s b 0 8.53 0.2038 10.00 236254
s b 0 8.53 0.2038 10.00 236264
s b 0 8.54 0.2032 10.00 236274
s b 0 8.55 0.2026 10.00 236284
s b 0 8.54 0.2032 10.00 236294
s b 0 8.55 0.2026 10.00 236304
s b 0 8.55 0.2026 10.00 236314
s b 0 8.55 0.2026 10.00 236324
s b 0 8.55 0.2026 10.00 236334
s b 0 8.55 0.2026 10.00 236344
s b 0 8.55 0.2026 10.00 236354
s b 0 8.54 0.2032 10.00 236364
s b 0 8.54 0.2032 10.00 236374
s b 0 8.51 0.2044 10.00 236384
s b 0 8.51 0.2044 10.00 236394
s b 0 8.51 0.2044 10.00 236404
s b 0 8.51 0.2044 10.00 236414
s b 0 8.51 0.2044 10.00 236424
s b 0 8.53 0.2038 10.00 236434
s b 0 8.51 0.2044 10.00 236444
s b 0 8.53 0.2038 10.00 236454
s b 0 8.53 0.2038 10.00 236464
s b 0 8.54 0.2032 10.00 236474
s b 0 8.54 0.2032 10.00 236484
s b 0 8.54 0.2032 10.00 236494
s b 0 8.54 0.2032 10.00 236504
s b 0 8.54 0.2032 10.00 236514
s b 0 8.54 0.2032 10.00 236524
s b 0 8.54 0.2032 10.00 236534
s b 0 8.54 0.2032 10.00 236544
s b 0 8.55 0.2026 10.00 236554
s b 0 8.55 0.2026 10.00 236564
s b 0 8.55 0.2026 10.00 236574
s b 0 8.55 0.2026 10.00 236584
s b 0 8.54 0.2032 10.00 236594
s b 0 8.54 0.2032 10.00 236604
s b 0 8.54 0.2032 10.00 236614
s b 0 8.54 0.2032 10.00 236624
s b 0 8.54 0.2032 10.00 236634
s b 0 8.54 0.2032 10.00 236644
s b 0 8.54 0.2032 10.00 236654
s b 0 8.54 0.2032 10.00 236664
s b 0 8.54 0.2032 10.00 236674
s b 0 8.54 0.2032 10.00 236684
s b 0 8.54 0.2032 10.00 236694
s b 0 8.55 0.2026 10.00 236704
s b 0 8.54 0.2032 10.00 236714
s b 0 8.53 0.2038 10.00 236724
s b 0 8.53 0.2038 10.00 236734
s b 0 8.53 0.2038 10.00 236744
s b 0 8.55 0.2026 10.00 236754
s b 0 8.55 0.2026 10.00 236764
s b 0 8.53 0.2038 10.00 236774
s b 0 8.53 0.2038 10.00 236784
s b 0 8.53 0.2038 10.00 236794
s b 0 8.53 0.2038 10.00 236804
s b 0 8.53 0.2038 10.00 236814
s b 0 8.53 0.2038 10.00 236824
s b 0 8.53 0.2038 10.00 236834
s b 0 8.53 0.2038 10.00 236844
s b 0 8.53 0.2038 10.00 236854
s b 0 8.53 0.2038 10.00 236864
s b 0 8.53 0.2038 10.00 236874
s b 0 8.55 0.2026 10.00 236884
s b 0 8.55 0.2026 10.00 236894
s b 0 8.55 0.2026 10.00 236904
s b 0 8.55 0.2026 10.00 236914
s b 0 8.55 0.2026 10.00 236924
s b 0 8.55 0.2026 10.00 236934
s b 0 8.55 0.2026 10.00 236944
s b 0 8.55 0.2026 10.00 236954
s b 0 8.55 0.2026 10.00 236964
s b 0 8.53 0.2038 10.00 236974
s b 0 8.53 0.2038 10.00 236984
s b 0 8.53 0.2038 10.00 236994
s b 0 8.53 0.2038 10.00 237004
s b 0 8.53 0.2038 10.00 237014
s b 0 8.53 0.2038 10.00 237024
s b 0 8.51 0.2044 10.00 237034
s b 0 8.51 0.2044 10.00 237044
s b 0 8.51 0.2044 10.00 237054
s b 0 8.51 0.2044 10.00 237064
s b 0 8.51 0.2044 10.00 237074
s b 0 8.53 0.2038 10.00 237084
s b 0 8.53 0.2038 10.00 237094
s b 0 8.53 0.2038 10.00 237104
s b 0 8.53 0.2038 10.00 237114
s b 0 8.53 0.2038 10.00 237124
s b 0 8.53 0.2038 10.00 237134
s b 0 8.55 0.2026 10.00 237144
s b 0 8.55 0.2026 10.00 237154
s b 0 8.56 0.2019 10.00 237164
s b 0 8.56 0.2019 10.00 237174
s b 0 8.55 0.2026 10.00 237184
s b 0 8.56 0.2019 10.00 237194
