s b 0 0.02 0.0000 0.00 16894476
s b 0 0.02 0.0000 0.00 16904411
s b 0 0.02 0.0000 0.00 16914411
s b 0 0.02 0.0000 0.00 16924400
s b 0 0.02 0.0000 0.00 16934407
s b 0 0.02 0.0000 0.00 16944412
s b 0 0.02 0.0000 0.00 16954400
s b 0 0.02 0.0000 0.00 16964406
s b 0 0.02 0.0000 0.00 16974402
s b 0 0.02 0.0000 0.00 16984409
s b 0 0.02 0.0000 0.00 16994398
s b 0 0.02 0.0000 0.00 17004407
s b 0 0.02 0.0000 0.00 17014406
s b 0 0.02 0.0000 0.00 17024401
s b 0 0.02 0.0000 0.00 17034398
s b 0 0.02 0.0000 0.00 17044404
s b 0 0.02 0.0000 0.00 17054398
s b 0 0.03 0.0000 0.00 17064412
s b 0 0.03 0.0000 0.00 17074402
s b 0 0.03 0.0000 0.00 17084412
s b 0 0.03 0.0000 0.00 17094419
s b 0 0.02 0.0000 0.00 17104401
s b 0 0.03 0.0000 0.00 17114397
s b 0 0.03 0.0000 0.00 17124405
s b 0 0.03 0.0000 0.00 17134419
s b 0 0.03 0.0000 0.00 17144410
s b 0 0.03 0.0000 0.00 17154405
s b 0 0.03 0.0000 0.00 17164407
s b 0 0.03 0.0000 0.00 17174405
s b 0 0.03 0.0000 0.00 17184416
s b 0 0.03 0.0000 0.00 17194405
s b 0 0.03 0.0000 0.00 17204406
s b 0 0.03 0.0000 0.00 17214401
s b 0 0.02 0.0000 0.00 17224414
s b 0 0.03 0.0000 0.00 17234401
s b 0 0.02 0.0000 0.00 17244396
s b 0 0.02 0.0000 0.00 17254411
s b 0 0.02 0.0000 0.00 17264420
s b 0 0.02 0.0000 0.00 17274405
s b 0 0.02 0.0000 0.00 17284402
s b 0 0.02 0.0000 0.00 17294400
s b 0 0.02 0.0000 0.00 17304406
s b 0 0.02 0.0000 0.00 17314421
s b 0 0.03 0.0000 0.00 17324417
s b 0 0.03 0.0000 0.00 17334409
s b 0 0.02 0.0000 0.00 17344406
s b 0 0.02 0.0000 0.00 17354400
s b 0 0.02 0.0000 0.00 17364406
s b 0 0.02 0.0000 0.00 17374409
s b 0 0.02 0.0000 0.00 17384407
s b 0 0.02 0.0000 0.00 17394406
s b 0 0.02 0.0000 0.00 17404415
s b 0 0.02 0.0000 0.00 17414415
s b 0 0.02 0.0000 0.00 17424406
s b 0 0.02 0.0000 0.00 17434415
s b 0 0.02 0.0000 0.00 17444418
s b 0 0.02 0.0000 0.00 17454406
s b 0 0.02 0.0000 0.00 17464416
s b 0 0.02 0.0000 0.00 17474428
s b 0 0.02 0.0000 0.00 17484424
s b 0 0.02 0.0000 0.00 17494413
s b 0 0.02 0.0000 0.00 17504407
s b 0 0.02 0.0000 0.00 17514416
s b 0 0.02 0.0000 0.00 17524415
s b 0 0.02 0.0000 0.00 17534415
s b 0 0.02 0.0000 0.00 17544417
s b 0 0.02 0.0000 0.00 17554413
s b 0 0.02 0.0000 0.00 17564425
s b 0 0.02 0.0000 0.00 17574430
s b 0 0.02 0.0000 0.00 17584412
s b 0 0.02 0.0000 0.00 17594432
s b 0 0.02 0.0000 0.00 17604425
s b 0 0.02 0.0000 0.00 17614421
s b 0 0.02 0.0000 0.00 17624432
s b 0 0.02 0.0000 0.00 17634414
s b 0 0.02 0.0000 0.00 17644415
s b 0 0.02 0.0000 0.00 17654410
s b 0 0.02 0.0000 0.00 17664415
s b 0 0.02 0.0000 0.00 17674413
s b 0 0.02 0.0000 0.00 17684415
s b 0 0.02 0.0000 0.00 17694409
s b 0 0.02 0.0000 0.00 17704409
s b 0 0.02 0.0000 0.00 17714425
s b 0 0.02 0.0000 0.00 17724425
s b 0 0.02 0.0000 0.00 17734414
s b 0 0.02 0.0000 0.00 17744415
s b 0 0.02 0.0000 0.00 17754425
s b 0 0.02 0.0000 0.00 17764431
s b 0 0.02 0.0000 0.00 17774423
s b 0 0.03 0.0000 0.00 17784418
s b 0 0.03 0.0000 0.00 17794420
s b 0 0.03 0.0000 0.00 17804412
s b 0 0.03 0.0000 0.00 17814425
s b 0 0.03 0.0000 0.00 17824415
s b 0 0.03 0.0000 0.00 17834424
s b 0 0.03 0.0000 0.00 17844416
s b 0 0.02 0.0000 0.00 17854426
s b 0 0.03 0.0000 0.00 17864414
s b 0 0.02 0.0000 0.00 17874420
s b 0 0.02 0.0000 0.00 17884418
s b 0 0.02 0.0000 0.00 17894416
s b 0 0.02 0.0000 0.00 17904418
s b 0 0.02 0.0000 0.00 17914427
s b 0 0.02 0.0000 0.00 17924431
s b 0 0.02 0.0000 0.00 17934434
s b 0 0.02 0.0000 0.00 17944408
s b 0 0.02 0.0000 0.00 17954406
s b 0 0.02 0.0000 0.00 17964410
s b 0 0.02 0.0000 0.00 17974403
s b 0 0.02 0.0000 0.00 17984401
s b 0 0.02 0.0000 0.00 17994402
s b 0 0.02 0.0000 0.00 18004396
s b 0 0.02 0.0000 0.00 18014407
s b 0 0.02 0.0000 0.00 18024414
s b 0 0.02 0.0000 0.00 18034417
s b 0 0.02 0.0000 0.00 18044403
s b 0 0.02 0.0000 0.00 18054406
s b 0 0.02 0.0000 0.00 18064406
s b 0 0.02 0.0000 0.00 18074411
s b 0 0.02 0.0000 0.00 18084406
s b 0 0.02 0.0000 0.00 18094409
s b 0 0.02 0.0000 0.00 18104404
s b 0 0.02 0.0000 0.00 18114405
s b 0 0.02 0.0000 0.00 18124411
s b 0 0.02 0.0000 0.00 18134403
s b 0 0.02 0.0000 0.00 18144410
s b 0 0.02 0.0000 0.00 18154413
s b 0 0.02 0.0000 0.00 18164392
s b 0 0.02 0.0000 0.00 18174415
s b 0 0.02 0.0000 0.00 18184411
s b 0 0.02 0.0000 0.00 18194409
s b 0 0.02 0.0000 0.00 18204408
s b 0 0.02 0.0000 0.00 18214406
s b 0 0.02 0.0000 0.00 18224391
s b 0 0.02 0.0000 0.00 18234409
s b 0 0.02 0.0000 0.00 18244394
s b 0 0.02 0.0000 0.00 18254411
s b 0 0.02 0.0000 0.00 18264404
s b 0 0.02 0.0000 0.00 18274412
s b 0 0.02 0.0000 0.00 18284396
s b 0 0.02 0.0000 0.00 18294405
s b 0 0.02 0.0000 0.00 18304405
s b 0 0.02 0.0000 0.00 18314393
s b 0 0.02 0.0000 0.00 18324407
s b 0 0.02 0.0000 0.00 18334413
s b 0 0.02 0.0000 0.00 18344404
s b 0 0.02 0.0000 0.00 18354414
s b 0 0.02 0.0000 0.00 18364410
s b 0 0.02 0.0000 0.00 18374409
s b 0 0.02 0.0000 0.00 18384412
s b 0 0.02 0.0000 0.00 18394407
s b 0 0.02 0.0000 0.00 18404400
s b 0 0.02 0.0000 0.00 18414410
s b 0 0.02 0.0000 0.00 18424407
s b 0 0.02 0.0000 0.00 18434397
s b 0 0.02 0.0000 0.00 18444410
s b 0 0.02 0.0000 0.00 18454390
s b 0 0.02 0.0000 0.00 18464405
s b 0 0.02 0.0000 0.00 18474410
s b 0 0.02 0.0000 0.00 18484409
s b 0 0.02 0.0000 0.00 18494405
s b 0 0.02 0.0000 0.00 18504410
s b 0 0.02 0.0000 0.00 18514395
s b 0 0.02 0.0000 0.00 18524407
s b 0 0.02 0.0000 0.00 18534408
s b 0 0.02 0.0000 0.00 18544410
s b 0 0.02 0.0000 0.00 18554402
s b 0 0.02 0.0000 0.00 18564408
s b 0 0.02 0.0000 0.00 18574407
s b 0 0.02 0.0000 0.00 18584408
s b 0 0.02 0.0000 0.00 18594408
s b 0 0.02 0.0000 0.00 18604402
s b 0 0.02 0.0000 0.00 18614407
s b 0 0.02 0.0000 0.00 18624406
s b 0 0.02 0.0000 0.00 18634407
s b 0 0.02 0.0000 0.00 18644397
s b 0 0.02 0.0000 0.00 18654404
s b 0 0.02 0.0000 0.00 18664407
s b 0 0.02 0.0000 0.00 18674407
s b 0 0.02 0.0000 0.00 18684410
s b 0 0.02 0.0000 0.00 18694405
s b 0 0.02 0.0000 0.00 18704404
s b 0 0.02 0.0000 0.00 18714404
s b 0 0.02 0.0000 0.00 18724394
s b 0 0.02 0.0000 0.00 18734390
s b 0 0.02 0.0000 0.00 18744410
s b 0 0.02 0.0000 0.00 18754405
s b 0 0.02 0.0000 0.00 18764406
s b 0 0.02 0.0000 0.00 18774402
s b 0 0.02 0.0000 0.00 18784395
s b 0 0.02 0.0000 0.00 18794393
s b 0 0.02 0.0000 0.00 18804395
s b 0 0.02 0.0000 0.00 18814408
s b 0 0.02 0.0000 0.00 18824411
s b 0 0.02 0.0000 0.00 18834406
s b 0 0.02 0.0000 0.00 18844409
s b 0 0.02 0.0000 0.00 18854411
s b 0 0.02 0.0000 0.00 18864409
s b 0 0.02 0.0000 0.00 18874398
s b 0 0.02 0.0000 0.00 18884398
s b 0 0.02 0.0000 0.00 18894386
s b 0 0.02 0.0000 0.00 18904403
s b 0 0.02 0.0000 0.00 18914407
s b 0 0.02 0.0000 0.00 18924409
s b 0 0.02 0.0000 0.00 18934410
s b 0 0.02 0.0000 0.00 18944408
s b 0 0.02 0.0000 0.00 18954397
s b 0 0.02 0.0000 0.00 18964415
s b 0 0.02 0.0000 0.00 18974403
s b 0 0.02 0.0000 0.00 18984398
s b 0 0.02 0.0000 0.00 18994399
s b 0 0.02 0.0000 0.00 19004411
s b 0 0.02 0.0000 0.00 19014405
s b 0 0.02 0.0000 0.00 19024391
s b 0 0.02 0.0000 0.00 19034411
s b 0 0.02 0.0000 0.00 19044402
s b 0 0.02 0.0000 0.00 19054399
s b 0 0.02 0.0000 0.00 19064394
s b 0 0.02 0.0000 0.00 19074391
s b 0 0.02 0.0000 0.00 19084393
s b 0 0.02 0.0000 0.00 19094394
s b 0 0.02 0.0000 0.00 19104402
s b 0 0.02 0.0000 0.00 19114395
s b 0 0.02 0.0000 0.00 19124393
s b 0 0.02 0.0000 0.00 19134409
s b 0 0.02 0.0000 0.00 19144411
s b 0 0.02 0.0000 0.00 19154389
s b 0 0.02 0.0000 0.00 19164412
s b 0 0.02 0.0000 0.00 19174404
s b 0 0.02 0.0000 0.00 19184401
s b 0 0.02 0.0000 0.00 19194398
s b 0 0.02 0.0000 0.00 19204401
s b 0 0.02 0.0000 0.00 19214400
s b 0 0.02 0.0000 0.00 19224408
s b 0 0.02 0.0000 0.00 19234402
s b 0 0.02 0.0000 0.00 19244408
s b 0 0.02 0.0000 0.00 19254400
s b 0 0.02 0.0000 0.00 19264411
s b 0 0.02 0.0000 0.00 19274396
s b 0 0.02 0.0000 0.00 19284400
s b 0 0.02 0.0000 0.00 19294411
s b 0 0.02 0.0000 0.00 19304400
s b 0 0.02 0.0000 0.00 19314415
s b 0 0.02 0.0000 0.00 19324411
s b 0 0.02 0.0000 0.00 19334408
s b 0 0.02 0.0000 0.00 19344410
s b 0 0.02 0.0000 0.00 19354413
s b 0 0.02 0.0000 0.00 19364410
s b 0 0.02 0.0000 0.00 19374407
s b 0 0.02 0.0000 0.00 19384410
s b 0 0.02 0.0000 0.00 19394414
s b 0 0.02 0.0000 0.00 19404408
s b 0 0.02 0.0000 0.00 19414416
s b 0 0.02 0.0000 0.00 19424417
s b 0 0.02 0.0000 0.00 19434419
s b 0 0.02 0.0000 0.00 19444400
s b 0 0.02 0.0000 0.00 19454417
s b 0 0.02 0.0000 0.00 19464414
s b 0 0.02 0.0000 0.00 19474417
s b 0 0.02 0.0000 0.00 19484417
s b 0 0.02 0.0000 0.00 19494420
s b 0 0.02 0.0000 0.00 19504417
s b 0 0.02 0.0000 0.00 19514418
s b 0 0.02 0.0000 0.00 19524418
s b 0 0.03 0.0000 0.00 19534416
s b 0 0.03 0.0000 0.00 19544413
s b 0 0.03 0.0000 0.00 19554415
s b 0 0.03 0.0000 0.00 19564420
s b 0 0.02 0.0000 0.00 19574425
s b 0 0.02 0.0000 0.00 19584427
s b 0 0.02 0.0000 0.00 19594410
s b 0 0.02 0.0000 0.00 19604415
s b 0 0.02 0.0000 0.00 19614433
s b 0 0.02 0.0000 0.00 19624421
s b 0 0.02 0.0000 0.00 19634418
s b 0 0.02 0.0000 0.00 19644422
s b 0 0.02 0.0000 0.00 19654410
s b 0 0.02 0.0000 0.00 19664430
s b 0 0.02 0.0000 0.00 19674408
s b 0 0.02 0.0000 0.00 19684418
s b 0 0.02 0.0000 0.00 19694413
s b 0 0.02 0.0000 0.00 19704415
s b 0 0.02 0.0000 0.00 19714418
s b 0 0.02 0.0000 0.00 19724402
s b 0 0.02 0.0000 0.00 19734417
s b 0 0.02 0.0000 0.00 19744418
s b 0 0.02 0.0000 0.00 19754419
s b 0 0.02 0.0000 0.00 19764419
s b 0 0.02 0.0000 0.00 19774408
s b 0 0.02 0.0000 0.00 19784407
s b 0 0.02 0.0000 0.00 19794415
s b 0 0.02 0.0000 0.00 19804418
s b 0 0.02 0.0000 0.00 19814418
s b 0 0.02 0.0000 0.00 19824408
s b 0 0.02 0.0000 0.00 19834413
s b 0 0.02 0.0000 0.00 19844417
s b 0 0.02 0.0000 0.00 19854419
s b 0 0.02 0.0000 0.00 19864410
s b 0 0.02 0.0000 0.00 19874421
s b 0 0.02 0.0000 0.00 19884413
s b 0 0.02 0.0000 0.00 19894416
s b 0 0.02 0.0000 0.00 19904431
s b 0 0.02 0.0000 0.00 19914423
s b 0 0.02 0.0000 0.00 19924420
s b 0 0.02 0.0000 0.00 19934420
s b 0 0.02 0.0000 0.00 19944417
s b 0 0.02 0.0000 0.00 19954413
s b 0 0.02 0.0000 0.00 19964391
s b 0 0.02 0.0000 0.00 19974405
s b 0 0.02 0.0000 0.00 19984405
s b 0 0.02 0.0000 0.00 19994395
s b 0 0.02 0.0000 0.00 20004411
s b 0 0.02 0.0000 0.00 20014395
s b 0 0.02 0.0000 0.00 20024391
s b 0 0.02 0.0000 0.00 20034403
s b 0 0.02 0.0000 0.00 20044403
s b 0 0.02 0.0000 0.00 20054408
s b 0 0.02 0.0000 0.00 20064404
s b 0 0.02 0.0000 0.00 20074404
s b 0 0.02 0.0000 0.00 20084403
s b 0 0.02 0.0000 0.00 20094414
s b 0 0.02 0.0000 0.00 20104410
s b 0 0.02 0.0000 0.00 20114405
s b 0 0.02 0.0000 0.00 20124413
s b 0 0.02 0.0000 0.00 20134404
s b 0 0.02 0.0000 0.00 20144412
s b 0 0.03 0.0000 0.00 20154402
s b 0 0.02 0.0000 0.00 20164397
s b 0 0.02 0.0000 0.00 20174398
s b 0 0.02 0.0000 0.00 20184394
s b 0 0.02 0.0000 0.00 20194398
s b 0 0.02 0.0000 0.00 20204410
s b 0 0.02 0.0000 0.00 20214408
s b 0 0.02 0.0000 0.00 20224411
s b 0 0.02 0.0000 0.00 20234397
s b 0 0.02 0.0000 0.00 20244402
s b 0 0.02 0.0000 0.00 20254399
s b 0 0.02 0.0000 0.00 20264406
s b 0 0.02 0.0000 0.00 20274409
s b 0 0.02 0.0000 0.00 20284395
s b 0 0.02 0.0000 0.00 20294396
s b 0 0.02 0.0000 0.00 20304398
s b 0 0.02 0.0000 0.00 20314401
s b 0 0.02 0.0000 0.00 20324405
s b 0 0.02 0.0000 0.00 20334406
s b 0 0.02 0.0000 0.00 20344405
s b 0 0.02 0.0000 0.00 20354396
s b 0 0.02 0.0000 0.00 20364395
s b 0 0.02 0.0000 0.00 20374407
s b 0 0.02 0.0000 0.00 20384395
s b 0 0.02 0.0000 0.00 20394407
s b 0 0.02 0.0000 0.00 20404413
s b 0 0.02 0.0000 0.00 20414396
s b 0 0.02 0.0000 0.00 20424398
s b 0 0.02 0.0000 0.00 20434403
s b 0 0.02 0.0000 0.00 20444394
s b 0 0.02 0.0000 0.00 20454397
s b 0 0.02 0.0000 0.00 20464407
s b 0 0.02 0.0000 0.00 20474398
s b 0 0.02 0.0000 0.00 20484402
s b 0 0.02 0.0000 0.00 20494395
s b 0 0.02 0.0000 0.00 20504412
s b 0 0.02 0.0000 0.00 20514410
s b 0 0.02 0.0000 0.00 20524403
s b 0 0.02 0.0000 0.00 20534412
s b 0 0.02 0.0000 0.00 20544400
s b 0 0.02 0.0000 0.00 20554395
s b 0 0.02 0.0000 0.00 20564400
s b 0 0.01 0.0000 0.00 20574408
s b 0 0.01 0.0000 0.00 20584414
s b 0 0.01 0.0000 0.00 20594395
s b 0 0.02 0.0000 0.00 20604401
s b 0 0.02 0.0000 0.00 20614404
s b 0 0.02 0.0000 0.00 20624398
s b 0 0.02 0.0000 0.00 20634404
s b 0 0.03 0.0000 0.00 20644410
s b 0 0.02 0.0000 0.00 20654403
s b 0 0.02 0.0000 0.00 20664410
s b 0 0.03 0.0000 0.00 20674396
s b 0 0.03 0.0000 0.00 20684397
s b 0 0.03 0.0000 0.00 20694417
s b 0 0.03 0.0000 0.00 20704412
s b 0 0.03 0.0000 0.00 20714413
s b 0 0.03 0.0000 0.00 20724403
s b 0 0.03 0.0000 0.00 20734411
s b 0 0.03 0.0000 0.00 20744398
s b 0 0.03 0.0000 0.00 20754405
s b 0 0.03 0.0000 0.00 20764400
s b 0 0.03 0.0000 0.00 20774396
s b 0 0.03 0.0000 0.00 20784396
s b 0 0.02 0.0000 0.00 20794407
s b 0 0.02 0.0000 0.00 20804409
s b 0 0.02 0.0000 0.00 20814410
s b 0 0.02 0.0000 0.00 20824406
s b 0 0.02 0.0000 0.00 20834414
s b 0 0.02 0.0000 0.00 20844402
s b 0 0.02 0.0000 0.00 20854414
s b 0 0.02 0.0000 0.00 20864400
s b 0 0.02 0.0000 0.00 20874404
s b 0 0.02 0.0000 0.00 20884404
s b 0 0.02 0.0000 0.00 20894405
s b 0 0.02 0.0000 0.00 20904403
s b 0 0.02 0.0000 0.00 20914407
s b 0 0.02 0.0000 0.00 20924399
s b 0 0.01 0.0000 0.00 20934400
s b 0 0.02 0.0000 0.00 20944406
s b 0 0.02 0.0000 0.00 20954397
s b 0 0.02 0.0000 0.00 20964405
s b 0 0.02 0.0000 0.00 20974395
s b 0 0.02 0.0000 0.00 20984400
s b 0 0.02 0.0000 0.00 20994399
s b 0 0.02 0.0000 0.00 21004400
s b 0 0.02 0.0000 0.00 21014405
s b 0 0.02 0.0000 0.00 21024409
s b 0 0.02 0.0000 0.00 21034406
s b 0 0.02 0.0000 0.00 21044401
s b 0 0.02 0.0000 0.00 21054391
s b 0 0.02 0.0000 0.00 21064398
s b 0 0.02 0.0000 0.00 21074409
s b 0 0.02 0.0000 0.00 21084402
s b 0 0.02 0.0000 0.00 21094399
s b 0 0.02 0.0000 0.00 21104400
s b 0 0.02 0.0000 0.00 21114402
s b 0 0.02 0.0000 0.00 21124399
s b 0 0.02 0.0000 0.00 21134405
s b 0 0.02 0.0000 0.00 21144398
s b 0 0.02 0.0000 0.00 21154406
s b 0 0.03 0.0000 0.00 21164396
s b 0 0.03 0.0000 0.00 21174397
s b 0 0.02 0.0000 0.00 21184406
s b 0 0.02 0.0000 0.00 21194399
s b 0 0.02 0.0000 0.00 21204402
s b 0 0.02 0.0000 0.00 21214397
s b 0 0.02 0.0000 0.00 21224409
s b 0 0.02 0.0000 0.00 21234403
s b 0 0.02 0.0000 0.00 21244404
s b 0 0.02 0.0000 0.00 21254409
s b 0 0.02 0.0000 0.00 21264403
s b 0 0.02 0.0000 0.00 21274398
s b 0 0.02 0.0000 0.00 21284415
s b 0 0.02 0.0000 0.00 21294407
s b 0 0.02 0.0000 0.00 21304397
s b 0 0.02 0.0000 0.00 21314414
s b 0 0.02 0.0000 0.00 21324408
s b 0 0.02 0.0000 0.00 21334405
s b 0 0.02 0.0000 0.00 21344405
s b 0 0.02 0.0000 0.00 21354403
s b 0 0.02 0.0000 0.00 21364410
s b 0 0.02 0.0000 0.00 21374415
s b 0 0.02 0.0000 0.00 21384405
s b 0 0.02 0.0000 0.00 21394416
s b 0 0.02 0.0000 0.00 21404401
s b 0 0.02 0.0000 0.00 21414418
s b 0 0.02 0.0000 0.00 21424410
s b 0 0.02 0.0000 0.00 21434411
s b 0 0.02 0.0000 0.00 21444409
s b 0 0.02 0.0000 0.00 21454416
s b 0 0.02 0.0000 0.00 21464417
s b 0 0.02 0.0000 0.00 21474424
s b 0 0.02 0.0000 0.00 21484413
s b 0 0.02 0.0000 0.00 21494421
s b 0 0.02 0.0000 0.00 21504426
s b 0 0.02 0.0000 0.00 21514412
s b 0 0.02 0.0000 0.00 21524413
s b 0 0.02 0.0000 0.00 21534409
s b 0 0.02 0.0000 0.00 21544428
s b 0 0.02 0.0000 0.00 21554423
s b 0 0.02 0.0000 0.00 21564419
s b 0 0.02 0.0000 0.00 21574419
s b 0 0.02 0.0000 0.00 21584431
s b 0 0.02 0.0000 0.00 21594410
s b 0 0.02 0.0000 0.00 21604428
s b 0 0.02 0.0000 0.00 21614419
s b 0 0.02 0.0000 0.00 21624421
s b 0 0.02 0.0000 0.00 21634416
s b 0 0.02 0.0000 0.00 21644414
s b 0 0.02 0.0000 0.00 21654418
s b 0 0.02 0.0000 0.00 21664420
s b 0 0.02 0.0000 0.00 21674414
s b 0 0.02 0.0000 0.00 21684412
s b 0 0.02 0.0000 0.00 21694416
s b 0 0.02 0.0000 0.00 21704409
s b 0 0.02 0.0000 0.00 21714426
s b 0 0.02 0.0000 0.00 21724423
s b 0 0.02 0.0000 0.00 21734419
s b 0 0.02 0.0000 0.00 21744413
s b 0 0.02 0.0000 0.00 21754414
s b 0 0.02 0.0000 0.00 21764426
s b 0 0.02 0.0000 0.00 21774423
s b 0 0.02 0.0000 0.00 21784431
s b 0 0.02 0.0000 0.00 21794422
s b 0 0.02 0.0000 0.00 21804428
s b 0 0.02 0.0000 0.00 21814411
s b 0 0.02 0.0000 0.00 21824417
s b 0 0.02 0.0000 0.00 21834412
s b 0 0.02 0.0000 0.00 21844409
s b 0 0.02 0.0000 0.00 21854410
s b 0 0.02 0.0000 0.00 21864415
s b 0 0.02 0.0000 0.00 21874422
s b 0 0.02 0.0000 0.00 21884412
s b 0 0.02 0.0000 0.00 21894412
s b 0 0.02 0.0000 0.00 21904418
s b 0 0.02 0.0000 0.00 21914428
s b 0 0.02 0.0000 0.00 21924418
s b 0 0.02 0.0000 0.00 21934420
s b 0 0.02 0.0000 0.00 21944408
s b 0 0.02 0.0000 0.00 21954419
s b 0 0.02 0.0000 0.00 21964431
s b 0 0.02 0.0000 0.00 21974410
s b 0 0.02 0.0000 0.00 21984410
s b 0 0.02 0.0000 0.00 21994414
s b 0 0.02 0.0000 0.00 22004408
s b 0 0.02 0.0000 0.00 22014410
s b 0 0.02 0.0000 0.00 22024413
s b 0 0.02 0.0000 0.00 22034411
s b 0 0.02 0.0000 0.00 22044406
s b 0 0.02 0.0000 0.00 22054409
s b 0 0.02 0.0000 0.00 22064408
s b 0 0.02 0.0000 0.00 22074395
s b 0 0.02 0.0000 0.00 22084410
s b 0 0.02 0.0000 0.00 22094416
s b 0 0.02 0.0000 0.00 22104405
s b 0 0.02 0.0000 0.00 22114404
s b 0 0.02 0.0000 0.00 22124412
s b 0 0.02 0.0000 0.00 22134409
s b 0 0.02 0.0000 0.00 22144403
s b 0 0.02 0.0000 0.00 22154402
s b 0 0.02 0.0000 0.00 22164402
s b 0 0.02 0.0000 0.00 22174404
s b 0 0.02 0.0000 0.00 22184403
s b 0 0.02 0.0000 0.00 22194407
s b 0 0.02 0.0000 0.00 22204408
s b 0 0.02 0.0000 0.00 22214407
s b 0 0.02 0.0000 0.00 22224415
s b 0 0.02 0.0000 0.00 22234400
s b 0 0.02 0.0000 0.00 22244408
s b 0 0.02 0.0000 0.00 22254408
s b 0 0.02 0.0000 0.00 22264411
s b 0 0.02 0.0000 0.00 22274408
s b 0 0.03 0.0000 0.00 22284405
s b 0 0.02 0.0000 0.00 22294393
s b 0 0.03 0.0000 0.00 22304404
s b 0 0.03 0.0000 0.00 22314400
s b 0 0.03 0.0000 0.00 22324409
s b 0 0.03 0.0000 0.00 22334410
s b 0 0.03 0.0000 0.00 22344420
s b 0 0.03 0.0000 0.00 22354403
s b 0 0.03 0.0000 0.00 22364400
s b 0 0.03 0.0000 0.00 22374420
s b 0 0.02 0.0000 0.00 22384406
s b 0 0.02 0.0000 0.00 22394411
s b 0 0.02 0.0000 0.00 22404407
s b 0 0.02 0.0000 0.00 22414410
s b 0 0.02 0.0000 0.00 22424390
s b 0 0.02 0.0000 0.00 22434405
s b 0 0.02 0.0000 0.00 22444410
s b 0 0.02 0.0000 0.00 22454404
s b 0 0.02 0.0000 0.00 22464402
s b 0 0.02 0.0000 0.00 22474407
s b 0 0.02 0.0000 0.00 22484403
s b 0 0.02 0.0000 0.00 22494401
s b 0 0.02 0.0000 0.00 22504405
s b 0 0.02 0.0000 0.00 22514407
s b 0 0.02 0.0000 0.00 22524405
s b 0 0.02 0.0000 0.00 22534402
s b 0 0.02 0.0000 0.00 22544410
s b 0 0.02 0.0000 0.00 22554406
s b 0 0.03 0.0000 0.00 22564410
s b 0 0.03 0.0000 0.00 22574407
s b 0 0.02 0.0000 0.00 22584396
s b 0 0.02 0.0000 0.00 22594403
s b 0 0.02 0.0000 0.00 22604406
s b 0 0.02 0.0000 0.00 22614409
s b 0 0.02 0.0000 0.00 22624407
s b 0 0.02 0.0000 0.00 22634401
s b 0 0.02 0.0000 0.00 22644403
s b 0 0.02 0.0000 0.00 22654397
s b 0 0.02 0.0000 0.00 22664401
s b 0 0.02 0.0000 0.00 22674404
s b 0 0.02 0.0000 0.00 22684410
s b 0 0.02 0.0000 0.00 22694403
s b 0 0.02 0.0000 0.00 22704409
s b 0 0.02 0.0000 0.00 22714410
s b 0 0.01 0.0000 0.00 22724409
s b 0 0.01 0.0000 0.00 22734408
s b 0 0.01 0.0000 0.00 22744410
s b 0 0.01 0.0000 0.00 22754408
s b 0 0.01 0.0000 0.00 22764411
s b 0 0.01 0.0000 0.00 22774405
s b 0 0.02 0.0000 0.00 22784406
s b 0 0.02 0.0000 0.00 22794402
s b 0 0.02 0.0000 0.00 22804393
s b 0 0.02 0.0000 0.00 22814407
s b 0 0.02 0.0000 0.00 22824408
s b 0 0.02 0.0000 0.00 22834409
s b 0 0.02 0.0000 0.00 22844405
s b 0 0.02 0.0000 0.00 22854404
s b 0 0.02 0.0000 0.00 22864407
s b 0 0.02 0.0000 0.00 22874417
s b 0 0.02 0.0000 0.00 22884413
s b 0 0.02 0.0000 0.00 22894408
s b 0 0.02 0.0000 0.00 22904410
s b 0 0.02 0.0000 0.00 22914405
s b 0 0.02 0.0000 0.00 22924404
s b 0 0.02 0.0000 0.00 22934403
s b 0 0.02 0.0000 0.00 22944406
s b 0 0.02 0.0000 0.00 22954410
s b 0 0.02 0.0000 0.00 22964408
s b 0 0.02 0.0000 0.00 22974405
s b 0 0.02 0.0000 0.00 22984391
s b 0 0.02 0.0000 0.00 22994409
s b 0 0.02 0.0000 0.00 23004405
s b 0 0.02 0.0000 0.00 23014412
s b 0 0.02 0.0000 0.00 23024396
s b 0 0.02 0.0000 0.00 23034406
s b 0 0.02 0.0000 0.00 23044401
s b 0 0.02 0.0000 0.00 23054406
s b 0 0.02 0.0000 0.00 23064408
s b 0 0.02 0.0000 0.00 23074405
s b 0 0.02 0.0000 0.00 23084405
s b 0 0.02 0.0000 0.00 23094404
s b 0 0.02 0.0000 0.00 23104403
s b 0 0.02 0.0000 0.00 23114404
s b 0 0.02 0.0000 0.00 23124394
s b 0 0.02 0.0000 0.00 23134403
s b 0 0.02 0.0000 0.00 23144400
s b 0 0.02 0.0000 0.00 23154390
s b 0 0.02 0.0000 0.00 23164410
s b 0 0.02 0.0000 0.00 23174409
s b 0 0.02 0.0000 0.00 23184402
s b 0 0.02 0.0000 0.00 23194406
s b 0 0.02 0.0000 0.00 23204409
s b 0 0.02 0.0000 0.00 23214408
s b 0 0.02 0.0000 0.00 23224410
s b 0 0.02 0.0000 0.00 23234404
s b 0 0.02 0.0000 0.00 23244417
s b 0 0.02 0.0000 0.00 23254407
s b 0 0.02 0.0000 0.00 23264410
s b 0 0.02 0.0000 0.00 23274413
s b 0 0.02 0.0000 0.00 23284409
s b 0 0.02 0.0000 0.00 23294408
s b 0 0.02 0.0000 0.00 23304417
s b 0 0.02 0.0000 0.00 23314427
s b 0 0.02 0.0000 0.00 23324414
s b 0 0.02 0.0000 0.00 23334411
s b 0 0.02 0.0000 0.00 23344424
s b 0 0.02 0.0000 0.00 23354426
s b 0 0.02 0.0000 0.00 23364416
s b 0 0.02 0.0000 0.00 23374414
s b 0 0.02 0.0000 0.00 23384420
s b 0 0.02 0.0000 0.00 23394413
s b 0 0.02 0.0000 0.00 23404411
s b 0 0.02 0.0000 0.00 23414412
s b 0 0.02 0.0000 0.00 23424412
s b 0 0.02 0.0000 0.00 23434410
s b 0 0.02 0.0000 0.00 23444416
s b 0 0.02 0.0000 0.00 23454415
s b 0 0.02 0.0000 0.00 23464418
s b 0 0.02 0.0000 0.00 23474417
s b 0 0.02 0.0000 0.00 23484418
s b 0 0.02 0.0000 0.00 23494413
s b 0 0.02 0.0000 0.00 23504412
s b 0 0.02 0.0000 0.00 23514416
s b 0 0.02 0.0000 0.00 23524420
s b 0 0.02 0.0000 0.00 23534412
s b 0 0.02 0.0000 0.00 23544413
s b 0 0.02 0.0000 0.00 23554412
s b 0 0.02 0.0000 0.00 23564413
s b 0 0.02 0.0000 0.00 23574418
s b 0 0.02 0.0000 0.00 23584428
s b 0 0.02 0.0000 0.00 23594420
s b 0 0.02 0.0000 0.00 23604421
s b 0 0.02 0.0000 0.00 23614416
s b 0 0.02 0.0000 0.00 23624428
s b 0 0.02 0.0000 0.00 23634417
s b 0 0.02 0.0000 0.00 23644421
s b 0 0.02 0.0000 0.00 23654421
s b 0 0.02 0.0000 0.00 23664418
s b 0 0.02 0.0000 0.00 23674418
s b 0 0.02 0.0000 0.00 23684418
s b 0 0.02 0.0000 0.00 23694415
s b 0 0.02 0.0000 0.00 23704417
s b 0 0.02 0.0000 0.00 23714415
s b 0 0.02 0.0000 0.00 23724416
s b 0 0.02 0.0000 0.00 23734416
s b 0 0.02 0.0000 0.00 23744418
s b 0 0.02 0.0000 0.00 23754400
s b 0 0.02 0.0000 0.00 23764414
s b 0 0.02 0.0000 0.00 23774427
s b 0 0.02 0.0000 0.00 23784417
s b 0 0.02 0.0000 0.00 23794413
s b 0 0.02 0.0000 0.00 23804431
s b 0 0.02 0.0000 0.00 23814419
s b 0 0.02 0.0000 0.00 23824416
s b 0 0.01 0.0000 0.00 23834428
s b 0 0.02 0.0000 0.00 23844412
s b 0 0.02 0.0000 0.00 23854403
s b 0 0.02 0.0000 0.00 23864412
s b 0 0.02 0.0000 0.00 23874413
s b 0 0.02 0.0000 0.00 23884402
s b 0 0.02 0.0000 0.00 23894398
s b 0 0.02 0.0000 0.00 23904403
s b 0 0.02 0.0000 0.00 23914408
s b 0 0.02 0.0000 0.00 23924408
s b 0 0.02 0.0000 0.00 23934407
s b 0 0.02 0.0000 0.00 23944396
s b 0 0.02 0.0000 0.00 23954407
s b 0 0.02 0.0000 0.00 23964395
s b 0 0.02 0.0000 0.00 23974403
s b 0 0.02 0.0000 0.00 23984390
s b 0 0.02 0.0000 0.00 23994411
s b 0 0.02 0.0000 0.00 24004403
s b 0 0.02 0.0000 0.00 24014407
s b 0 0.02 0.0000 0.00 24024404
s b 0 0.01 0.0000 0.00 24034409
s b 0 0.01 0.0000 0.00 24044409
s b 0 0.02 0.0000 0.00 24054403
s b 0 0.02 0.0000 0.00 24064412
s b 0 0.02 0.0000 0.00 24074411
s b 0 0.02 0.0000 0.00 24084408
s b 0 0.02 0.0000 0.00 24094405
s b 0 0.02 0.0000 0.00 24104397
s b 0 0.02 0.0000 0.00 24114412
s b 0 0.02 0.0000 0.00 24124409
s b 0 0.02 0.0000 0.00 24134415
s b 0 0.02 0.0000 0.00 24144410
s b 0 0.02 0.0000 0.00 24154399
s b 0 0.02 0.0000 0.00 24164403
s b 0 0.02 0.0000 0.00 24174395
s b 0 0.02 0.0000 0.00 24184392
s b 0 0.02 0.0000 0.00 24194394
s b 0 0.02 0.0000 0.00 24204393
s b 0 0.02 0.0000 0.00 24214406
s b 0 0.02 0.0000 0.00 24224395
s b 0 0.02 0.0000 0.00 24234403
s b 0 0.02 0.0000 0.00 24244399
s b 0 0.02 0.0000 0.00 24254393
s b 0 0.03 0.0000 0.00 24264399
s b 0 0.02 0.0000 0.00 24274405
s b 0 0.02 0.0000 0.00 24284393
s b 0 0.02 0.0000 0.00 24294395
s b 0 0.02 0.0000 0.00 24304414
s b 0 0.02 0.0000 0.00 24314396
s b 0 0.02 0.0000 0.00 24324394
s b 0 0.02 0.0000 0.00 24334396
s b 0 0.02 0.0000 0.00 24344394
s b 0 0.02 0.0000 0.00 24354398
s b 0 0.02 0.0000 0.00 24364392
s b 0 0.02 0.0000 0.00 24374394
s b 0 0.02 0.0000 0.00 24384400
s b 0 0.02 0.0000 0.00 24394402
s b 0 0.02 0.0000 0.00 24404405
s b 0 0.02 0.0000 0.00 24414397
s b 0 0.02 0.0000 0.00 24424398
s b 0 0.02 0.0000 0.00 24434397
s b 0 0.02 0.0000 0.00 24444397
s b 0 0.02 0.0000 0.00 24454402
s b 0 0.02 0.0000 0.00 24464404
s b 0 0.02 0.0000 0.00 24474412
s b 0 0.02 0.0000 0.00 24484404
s b 0 0.02 0.0000 0.00 24494392
s b 0 0.02 0.0000 0.00 24504391
s b 0 0.02 0.0000 0.00 24514391
s b 0 0.02 0.0000 0.00 24524391
s b 0 0.02 0.0000 0.00 24534402
s b 0 0.02 0.0000 0.00 24544396
s b 0 0.02 0.0000 0.00 24554409
s b 0 0.02 0.0000 0.00 24564419
s b 0 0.02 0.0000 0.00 24574397
s b 0 0.02 0.0000 0.00 24584397
s b 0 0.02 0.0000 0.00 24594412
s b 0 0.02 0.0000 0.00 24604397
s b 0 0.02 0.0000 0.00 24614402
s b 0 0.02 0.0000 0.00 24624404
s b 0 0.02 0.0000 0.00 24634407
s b 0 0.02 0.0000 0.00 24644402
s b 0 0.02 0.0000 0.00 24654390
s b 0 0.02 0.0000 0.00 24664409
s b 0 0.02 0.0000 0.00 24674389
s b 0 0.02 0.0000 0.00 24684411
s b 0 0.02 0.0000 0.00 24694398
s b 0 0.02 0.0000 0.00 24704409
s b 0 0.02 0.0000 0.00 24714396
s b 0 0.02 0.0000 0.00 24724413
s b 0 0.02 0.0000 0.00 24734391
s b 0 0.02 0.0000 0.00 24744411
s b 0 0.02 0.0000 0.00 24754407
s b 0 0.02 0.0000 0.00 24764403
s b 0 0.02 0.0000 0.00 24774416
s b 0 0.02 0.0000 0.00 24784404
s b 0 0.02 0.0000 0.00 24794391
s b 0 0.02 0.0000 0.00 24804409
s b 0 0.02 0.0000 0.00 24814407
s b 0 0.02 0.0000 0.00 24824416
s b 0 0.02 0.0000 0.00 24834409
s b 0 0.02 0.0000 0.00 24844396
s b 0 0.02 0.0000 0.00 24854410
s b 0 0.02 0.0000 0.00 24864396
s b 0 0.02 0.0000 0.00 24874411
s b 0 0.02 0.0000 0.00 24884408
s b 0 0.02 0.0000 0.00 24894414
s b 0 0.02 0.0000 0.00 24904410
s b 0 0.02 0.0000 0.00 24914409
s b 0 0.02 0.0000 0.00 24924405
s b 0 0.02 0.0000 0.00 24934406
s b 0 0.02 0.0000 0.00 24944406
s b 0 0.03 0.0000 0.00 24954407
s b 0 0.02 0.0000 0.00 24964408
s b 0 0.02 0.0000 0.00 24974399
s b 0 0.02 0.0000 0.00 24984394
s b 0 0.02 0.0000 0.00 24994390
s b 0 0.02 0.0000 0.00 25004414
s b 0 0.02 0.0000 0.00 25014395
s b 0 0.02 0.0000 0.00 25024391
s b 0 0.02 0.0000 0.00 25034396
s b 0 0.02 0.0000 0.00 25044408
s b 0 0.02 0.0000 0.00 25054398
s b 0 0.02 0.0000 0.00 25064392
s b 0 0.02 0.0000 0.00 25074395
s b 0 0.02 0.0000 0.00 25084411
s b 0 0.02 0.0000 0.00 25094411
s b 0 0.02 0.0000 0.00 25104397
s b 0 0.02 0.0000 0.00 25114398
s b 0 0.02 0.0000 0.00 25124406
s b 0 0.02 0.0000 0.00 25134410
s b 0 0.02 0.0000 0.00 25144389
s b 0 0.02 0.0000 0.00 25154394
s b 0 0.02 0.0000 0.00 25164409
s b 0 0.02 0.0000 0.00 25174396
s b 0 0.02 0.0000 0.00 25184413
s b 0 0.02 0.0000 0.00 25194398
s b 0 0.02 0.0000 0.00 25204407
s b 0 0.02 0.0000 0.00 25214395
s b 0 0.02 0.0000 0.00 25224404
s b 0 0.02 0.0000 0.00 25234411
s b 0 0.02 0.0000 0.00 25244402
s b 0 0.02 0.0000 0.00 25254410
s b 0 0.02 0.0000 0.00 25264398
s b 0 0.02 0.0000 0.00 25274409
s b 0 0.02 0.0000 0.00 25284399
s b 0 0.02 0.0000 0.00 25294416
s b 0 0.02 0.0000 0.00 25304395
s b 0 0.02 0.0000 0.00 25314400
s b 0 0.02 0.0000 0.00 25324397
s b 0 0.02 0.0000 0.00 25334401
s b 0 0.02 0.0000 0.00 25344414
s b 0 0.02 0.0000 0.00 25354399
s b 0 0.02 0.0000 0.00 25364406
s b 0 0.02 0.0000 0.00 25374410
s b 0 0.02 0.0000 0.00 25384407
s b 0 0.02 0.0000 0.00 25394406
s b 0 0.02 0.0000 0.00 25404408
s b 0 0.02 0.0000 0.00 25414403
s b 0 0.02 0.0000 0.00 25424407
s b 0 0.02 0.0000 0.00 25434401
s b 0 0.02 0.0000 0.00 25444418
s b 0 0.02 0.0000 0.00 25454414
s b 0 0.02 0.0000 0.00 25464416
s b 0 0.02 0.0000 0.00 25474418
s b 0 0.02 0.0000 0.00 25484407
s b 0 0.02 0.0000 0.00 25494419
s b 0 0.02 0.0000 0.00 25504419
s b 0 0.02 0.0000 0.00 25514410
s b 0 0.02 0.0000 0.00 25524408
s b 0 0.02 0.0000 0.00 25534418
s b 0 0.02 0.0000 0.00 25544415
s b 0 0.02 0.0000 0.00 25554425
s b 0 0.02 0.0000 0.00 25564424
s b 0 0.02 0.0000 0.00 25574422
s b 0 0.02 0.0000 0.00 25584412
s b 0 0.02 0.0000 0.00 25594402
s b 0 0.02 0.0000 0.00 25604412
s b 0 0.02 0.0000 0.00 25614423
s b 0 0.02 0.0000 0.00 25624412
s b 0 0.02 0.0000 0.00 25634414
s b 0 0.02 0.0000 0.00 25644417
s b 0 0.02 0.0000 0.00 25654421
s b 0 0.02 0.0000 0.00 25664414
s b 0 0.02 0.0000 0.00 25674421
s b 0 0.02 0.0000 0.00 25684418
s b 0 0.02 0.0000 0.00 25694429
s b 0 0.02 0.0000 0.00 25704415
s b 0 0.02 0.0000 0.00 25714406
s b 0 0.02 0.0000 0.00 25724415
s b 0 0.02 0.0000 0.00 25734418
s b 0 0.02 0.0000 0.00 25744418
s b 0 0.02 0.0000 0.00 25754424
s b 0 0.02 0.0000 0.00 25764414
s b 0 0.02 0.0000 0.00 25774414
s b 0 0.02 0.0000 0.00 25784424
s b 0 0.02 0.0000 0.00 25794420
s b 0 0.02 0.0000 0.00 25804416
s b 0 0.02 0.0000 0.00 25814412
s b 0 0.02 0.0000 0.00 25824417
s b 0 0.02 0.0000 0.00 25834425
s b 0 0.02 0.0000 0.00 25844419
s b 0 0.02 0.0000 0.00 25854421
s b 0 0.02 0.0000 0.00 25864418
s b 0 0.02 0.0000 0.00 25874408
s b 0 0.02 0.0000 0.00 25884410
s b 0 0.02 0.0000 0.00 25894420
s b 0 0.02 0.0000 0.00 25904425
s b 0 0.02 0.0000 0.00 25914410
s b 0 0.02 0.0000 0.00 25924410
s b 0 0.02 0.0000 0.00 25934404
s b 0 0.02 0.0000 0.00 25944420
s b 0 0.02 0.0000 0.00 25954419
s b 0 0.02 0.0000 0.00 25964410
s b 0 0.02 0.0000 0.00 25974405
s b 0 0.02 0.0000 0.00 25984408
s b 0 0.02 0.0000 0.00 25994397
s b 0 0.02 0.0000 0.00 26004408
s b 0 0.02 0.0000 0.00 26014412
s b 0 0.02 0.0000 0.00 26024405
s b 0 0.02 0.0000 0.00 26034402
s b 0 0.02 0.0000 0.00 26044399
s b 0 0.02 0.0000 0.00 26054420
s b 0 0.02 0.0000 0.00 26064403
s b 0 0.02 0.0000 0.00 26074398
s b 0 0.02 0.0000 0.00 26084396
s b 0 0.02 0.0000 0.00 26094417
s b 0 0.02 0.0000 0.00 26104411
s b 0 0.02 0.0000 0.00 26114405
s b 0 0.02 0.0000 0.00 26124419
s b 0 0.02 0.0000 0.00 26134416
s b 0 0.02 0.0000 0.00 26144406
s b 0 0.02 0.0000 0.00 26154410
s b 0 0.02 0.0000 0.00 26164405
s b 0 0.02 0.0000 0.00 26174405
s b 0 0.02 0.0000 0.00 26184408
s b 0 0.01 0.0000 0.00 26194411
s b 0 0.01 0.0000 0.00 26204405
s b 0 0.02 0.0000 0.00 26214414
s b 0 0.02 0.0000 0.00 26224402
s b 0 0.02 0.0000 0.00 26234406
s b 0 0.02 0.0000 0.00 26244405
s b 0 0.02 0.0000 0.00 26254404
s b 0 0.02 0.0000 0.00 26264402
s b 0 0.02 0.0000 0.00 26274414
s b 0 0.02 0.0000 0.00 26284409
s b 0 0.02 0.0000 0.00 26294417
s b 0 0.02 0.0000 0.00 26304420
s b 0 0.02 0.0000 0.00 26314405
s b 0 0.02 0.0000 0.00 26324408
s b 0 0.02 0.0000 0.00 26334393
s b 0 0.03 0.0000 0.00 26344421
s b 0 0.03 0.0000 0.00 26354402
s b 0 0.02 0.0000 0.00 26364403
s b 0 0.02 0.0000 0.00 26374392
s b 0 0.03 0.0000 0.00 26384404
s b 0 0.03 0.0000 0.00 26394405
s b 0 0.03 0.0000 0.00 26404395
s b 0 0.03 0.0000 0.00 26414424
s b 0 0.03 0.0000 0.00 26424410
s b 0 0.03 0.0000 0.00 26434405
s b 0 0.03 0.0000 0.00 26444405
s b 0 0.03 0.0000 0.00 26454410
s b 0 0.03 0.0000 0.00 26464409
s b 0 0.03 0.0000 0.00 26474417
s b 0 0.03 0.0000 0.00 26484414
s b 0 0.02 0.0000 0.00 26494407
s b 0 0.02 0.0000 0.00 26504402
s b 0 0.02 0.0000 0.00 26514399
s b 0 0.02 0.0000 0.00 26524399
s b 0 0.02 0.0000 0.00 26534400
s b 0 0.02 0.0000 0.00 26544405
s b 0 0.02 0.0000 0.00 26554404
s b 0 0.02 0.0000 0.00 26564404
s b 0 0.02 0.0000 0.00 26574418
s b 0 0.02 0.0000 0.00 26584409
s b 0 0.02 0.0000 0.00 26594411
s b 0 0.02 0.0000 0.00 26604419
s b 0 0.02 0.0000 0.00 26614410
s b 0 0.02 0.0000 0.00 26624419
s b 0 0.02 0.0000 0.00 26634415
s b 0 0.02 0.0000 0.00 26644394
s b 0 0.02 0.0000 0.00 26654406
s b 0 0.02 0.0000 0.00 26664410
s b 0 0.02 0.0000 0.00 26674402
s b 0 0.02 0.0000 0.00 26684406
s b 0 0.02 0.0000 0.00 26694404
s b 0 0.02 0.0000 0.00 26704413
s b 0 0.02 0.0000 0.00 26714405
s b 0 0.02 0.0000 0.00 26724397
s b 0 0.02 0.0000 0.00 26734409
s b 0 0.02 0.0000 0.00 26744410
s b 0 0.02 0.0000 0.00 26754417
s b 0 0.02 0.0000 0.00 26764407
s b 0 0.02 0.0000 0.00 26774424
s b 0 0.02 0.0000 0.00 26784406
s b 0 0.02 0.0000 0.00 26794418
s b 0 0.02 0.0000 0.00 26804407
s b 0 0.02 0.0000 0.00 26814408
s b 0 0.02 0.0000 0.00 26824409
s b 0 0.02 0.0000 0.00 26834390
s b 0 0.02 0.0000 0.00 26844411
s b 0 0.02 0.0000 0.00 26854388
s b 0 0.02 0.0000 0.00 26864406
s b 0 0.02 0.0000 0.00 26874407
s b 0 0.02 0.0000 0.00 26884411
s b 0 0.02 0.0000 0.00 26894404
s b 0 0.02 0.0000 0.00 26904405
s b 0 0.02 0.0000 0.00 26914418
s b 0 0.01 0.0000 0.00 26924409
s b 0 0.01 0.0000 0.00 26934411
s b 0 0.01 0.0000 0.00 26944406
s b 0 0.01 0.0000 0.00 26954405
s b 0 0.02 0.0000 0.00 26964412
s b 0 0.02 0.0000 0.00 26974406
s b 0 0.02 0.0000 0.00 26984404
s b 0 0.02 0.0000 0.00 26994403
s b 0 0.02 0.0000 0.00 27004404
s b 0 0.02 0.0000 0.00 27014416
s b 0 0.02 0.0000 0.00 27024408
s b 0 0.02 0.0000 0.00 27034406
s b 0 0.02 0.0000 0.00 27044404
s b 0 0.02 0.0000 0.00 27054408
s b 0 0.02 0.0000 0.00 27064399
s b 0 0.02 0.0000 0.00 27074405
s b 0 0.02 0.0000 0.00 27084402
s b 0 0.02 0.0000 0.00 27094409
s b 0 0.02 0.0000 0.00 27104406
s b 0 0.02 0.0000 0.00 27114404
s b 0 0.02 0.0000 0.00 27124409
s b 0 0.02 0.0000 0.00 27134416
s b 0 0.02 0.0000 0.00 27144414
s b 0 0.02 0.0000 0.00 27154394
s b 0 0.02 0.0000 0.00 27164403
s b 0 0.02 0.0000 0.00 27174399
s b 0 0.02 0.0000 0.00 27184406
s b 0 0.02 0.0000 0.00 27194405
s b 0 0.02 0.0000 0.00 27204425
s b 0 0.02 0.0000 0.00 27214405
s b 0 0.02 0.0000 0.00 27224409
s b 0 0.02 0.0000 0.00 27234424
s b 0 0.02 0.0000 0.00 27244416
s b 0 0.02 0.0000 0.00 27254411
s b 0 0.02 0.0000 0.00 27264408
s b 0 0.02 0.0000 0.00 27274406
s b 0 0.02 0.0000 0.00 27284406
s b 0 0.02 0.0000 0.00 27294409
s b 0 0.02 0.0000 0.00 27304413
s b 0 0.02 0.0000 0.00 27314408
s b 0 0.02 0.0000 0.00 27324414
s b 0 0.02 0.0000 0.00 27334423
s b 0 0.02 0.0000 0.00 27344415
s b 0 0.02 0.0000 0.00 27354413
s b 0 0.02 0.0000 0.00 27364412
s b 0 0.02 0.0000 0.00 27374415
s b 0 0.02 0.0000 0.00 27384424
s b 0 0.02 0.0000 0.00 27394413
s b 0 0.02 0.0000 0.00 27404413
s b 0 0.02 0.0000 0.00 27414409
s b 0 0.02 0.0000 0.00 27424425
s b 0 0.02 0.0000 0.00 27434413
s b 0 0.02 0.0000 0.00 27444427
s b 0 0.02 0.0000 0.00 27454417
s b 0 0.02 0.0000 0.00 27464426
s b 0 0.02 0.0000 0.00 27474420
s b 0 0.02 0.0000 0.00 27484421
s b 0 0.02 0.0000 0.00 27494426
s b 0 0.02 0.0000 0.00 27504419
s b 0 0.02 0.0000 0.00 27514422
s b 0 0.02 0.0000 0.00 27524415
s b 0 0.02 0.0000 0.00 27534415
s b 0 0.02 0.0000 0.00 27544423
s b 0 0.02 0.0000 0.00 27554417
s b 0 0.02 0.0000 0.00 27564419
s b 0 0.02 0.0000 0.00 27574425
s b 0 0.02 0.0000 0.00 27584408
s b 0 0.02 0.0000 0.00 27594413
s b 0 0.02 0.0000 0.00 27604414
s b 0 0.02 0.0000 0.00 27614423
s b 0 0.02 0.0000 0.00 27624427
s b 0 0.02 0.0000 0.00 27634420
s b 0 0.02 0.0000 0.00 27644424
s b 0 0.02 0.0000 0.00 27654432
s b 0 0.02 0.0000 0.00 27664428
s b 0 0.02 0.0000 0.00 27674412
s b 0 0.02 0.0000 0.00 27684417
s b 0 0.02 0.0000 0.00 27694419
s b 0 0.02 0.0000 0.00 27704415
s b 0 0.02 0.0000 0.00 27714420
s b 0 0.02 0.0000 0.00 27724414
s b 0 0.02 0.0000 0.00 27734415
s b 0 0.02 0.0000 0.00 27744415
s b 0 0.02 0.0000 0.00 27754411
s b 0 0.02 0.0000 0.00 27764415
s b 0 0.02 0.0000 0.00 27774414
s b 0 0.02 0.0000 0.00 27784416
s b 0 0.02 0.0000 0.00 27794415
s b 0 0.02 0.0000 0.00 27804414
s b 0 0.02 0.0000 0.00 27814419
s b 0 0.02 0.0000 0.00 27824421
s b 0 0.02 0.0000 0.00 27834417
s b 0 0.02 0.0000 0.00 27844416
s b 0 0.02 0.0000 0.00 27854418
s b 0 0.02 0.0000 0.00 27864411
s b 0 0.02 0.0000 0.00 27874432
s b 0 0.02 0.0000 0.00 27884418
s b 0 0.02 0.0000 0.00 27894402
s b 0 0.02 0.0000 0.00 27904402
s b 0 0.02 0.0000 0.00 27914407
s b 0 0.02 0.0000 0.00 27924399
s b 0 0.02 0.0000 0.00 27934402
s b 0 0.02 0.0000 0.00 27944409
s b 0 0.02 0.0000 0.00 27954412
s b 0 0.02 0.0000 0.00 27964410
s b 0 0.02 0.0000 0.00 27974405
s b 0 0.02 0.0000 0.00 27984410
s b 0 0.02 0.0000 0.00 27994392
s b 0 0.02 0.0000 0.00 28004407
s b 0 0.02 0.0000 0.00 28014408
s b 0 0.02 0.0000 0.00 28024408
s b 0 0.02 0.0000 0.00 28034411
s b 0 0.02 0.0000 0.00 28044393
s b 0 0.02 0.0000 0.00 28054398
s b 0 0.02 0.0000 0.00 28064407
s b 0 0.02 0.0000 0.00 28074393
s b 0 0.02 0.0000 0.00 28084395
s b 0 0.02 0.0000 0.00 28094415
s b 0 0.02 0.0000 0.00 28104408
s b 0 0.02 0.0000 0.00 28114406
s b 0 0.02 0.0000 0.00 28124414
s b 0 0.02 0.0000 0.00 28134395
s b 0 0.02 0.0000 0.00 28144411
s b 0 0.02 0.0000 0.00 28154401
s b 0 0.02 0.0000 0.00 28164415
s b 0 0.02 0.0000 0.00 28174410
s b 0 0.02 0.0000 0.00 28184413
s b 0 0.02 0.0000 0.00 28194402
s b 0 0.02 0.0000 0.00 28204398
s b 0 0.02 0.0000 0.00 28214404
s b 0 0.02 0.0000 0.00 28224392
s b 0 0.02 0.0000 0.00 28234407
s b 0 0.02 0.0000 0.00 28244406
s b 0 0.02 0.0000 0.00 28254396
s b 0 0.02 0.0000 0.00 28264411
s b 0 0.02 0.0000 0.00 28274412
s b 0 0.02 0.0000 0.00 28284409
s b 0 0.02 0.0000 0.00 28294407
s b 0 0.02 0.0000 0.00 28304395
s b 0 0.02 0.0000 0.00 28314411
s b 0 0.02 0.0000 0.00 28324398
s b 0 0.02 0.0000 0.00 28334407
s b 0 0.02 0.0000 0.00 28344395
s b 0 0.02 0.0000 0.00 28354403
s b 0 0.02 0.0000 0.00 28364404
s b 0 0.02 0.0000 0.00 28374391
s b 0 0.02 0.0000 0.00 28384402
s b 0 0.02 0.0000 0.00 28394402
s b 0 0.02 0.0000 0.00 28404404
s b 0 0.02 0.0000 0.00 28414402
s b 0 0.02 0.0000 0.00 28424413
s b 0 0.02 0.0000 0.00 28434408
s b 0 0.02 0.0000 0.00 28444399
s b 0 0.02 0.0000 0.00 28454410
s b 0 0.02 0.0000 0.00 28464409
s b 0 0.02 0.0000 0.00 28474394
s b 0 0.02 0.0000 0.00 28484397
s b 0 0.02 0.0000 0.00 28494408
s b 0 0.02 0.0000 0.00 28504398
s b 0 0.02 0.0000 0.00 28514404
s b 0 0.02 0.0000 0.00 28524402
s b 0 0.02 0.0000 0.00 28534409
s b 0 0.02 0.0000 0.00 28544406
s b 0 0.02 0.0000 0.00 28554394
s b 0 0.02 0.0000 0.00 28564401
s b 0 0.02 0.0000 0.00 28574407
s b 0 0.02 0.0000 0.00 28584406
s b 0 0.02 0.0000 0.00 28594413
s b 0 0.02 0.0000 0.00 28604405
s b 0 0.02 0.0000 0.00 28614413
s b 0 0.02 0.0000 0.00 28624409
s b 0 0.02 0.0000 0.00 28634409
s b 0 0.02 0.0000 0.00 28644412
s b 0 0.02 0.0000 0.00 28654411
s b 0 0.02 0.0000 0.00 28664404
s b 0 0.02 0.0000 0.00 28674411
s b 0 0.02 0.0000 0.00 28684407
s b 0 0.02 0.0000 0.00 28694392
s b 0 0.02 0.0000 0.00 28704396
s b 0 0.02 0.0000 0.00 28714399
s b 0 0.02 0.0000 0.00 28724400
s b 0 0.02 0.0000 0.00 28734401
s b 0 0.02 0.0000 0.00 28744408
s b 0 0.02 0.0000 0.00 28754412
s b 0 0.02 0.0000 0.00 28764407
s b 0 0.02 0.0000 0.00 28774412
s b 0 0.02 0.0000 0.00 28784403
s b 0 0.02 0.0000 0.00 28794427
s b 0 0.02 0.0000 0.00 28804409
s b 0 0.02 0.0000 0.00 28814405
s b 0 0.02 0.0000 0.00 28824404
s b 0 0.02 0.0000 0.00 28834399
s b 0 0.02 0.0000 0.00 28844398
s b 0 0.02 0.0000 0.00 28854398
s b 0 0.02 0.0000 0.00 28864406
s b 0 0.02 0.0000 0.00 28874414
s b 0 0.02 0.0000 0.00 28884406
s b 0 0.02 0.0000 0.00 28894412
s b 0 0.02 0.0000 0.00 28904413
s b 0 0.02 0.0000 0.00 28914399
s b 0 0.03 0.0000 0.00 28924408
s b 0 0.03 0.0000 0.00 28934413
s b 0 0.03 0.0000 0.00 28944400
s b 0 0.03 0.0000 0.00 28954409
s b 0 0.03 0.0000 0.00 28964419
s b 0 0.03 0.0000 0.00 28974406
s b 0 0.03 0.0000 0.00 28984398
s b 0 0.02 0.0000 0.00 28994400
s b 0 0.02 0.0000 0.00 29004398
s b 0 0.02 0.0000 0.00 29014407
s b 0 0.02 0.0000 0.00 29024407
s b 0 0.02 0.0000 0.00 29034408
s b 0 0.02 0.0000 0.00 29044408
s b 0 0.02 0.0000 0.00 29054395
s b 0 0.02 0.0000 0.00 29064409
s b 0 0.02 0.0000 0.00 29074407
s b 0 0.02 0.0000 0.00 29084407
s b 0 0.02 0.0000 0.00 29094398
s b 0 0.02 0.0000 0.00 29104410
s b 0 0.02 0.0000 0.00 29114410
s b 0 0.02 0.0000 0.00 29124414
s b 0 0.02 0.0000 0.00 29134407
s b 0 0.02 0.0000 0.00 29144392
s b 0 0.02 0.0000 0.00 29154398
s b 0 0.02 0.0000 0.00 29164407
s b 0 0.02 0.0000 0.00 29174409
s b 0 0.02 0.0000 0.00 29184393
s b 0 0.02 0.0000 0.00 29194412
s b 0 0.02 0.0000 0.00 29204416
s b 0 0.02 0.0000 0.00 29214407
s b 0 0.02 0.0000 0.00 29224414
s b 0 0.02 0.0000 0.00 29234406
s b 0 0.02 0.0000 0.00 29244413
s b 0 0.02 0.0000 0.00 29254411
s b 0 0.02 0.0000 0.00 29264399
s b 0 0.02 0.0000 0.00 29274415
s b 0 0.02 0.0000 0.00 29284401
s b 0 0.02 0.0000 0.00 29294400
s b 0 0.02 0.0000 0.00 29304415
s b 0 0.02 0.0000 0.00 29314413
s b 0 0.02 0.0000 0.00 29324417
s b 0 0.02 0.0000 0.00 29334413
s b 0 0.02 0.0000 0.00 29344416
s b 0 0.02 0.0000 0.00 29354422
s b 0 0.02 0.0000 0.00 29364415
s b 0 0.02 0.0000 0.00 29374409
s b 0 0.02 0.0000 0.00 29384415
s b 0 0.02 0.0000 0.00 29394416
s b 0 0.02 0.0000 0.00 29404405
s b 0 0.02 0.0000 0.00 29414428
s b 0 0.02 0.0000 0.00 29424421
s b 0 0.02 0.0000 0.00 29434408
s b 0 0.02 0.0000 0.00 29444422
s b 0 0.02 0.0000 0.00 29454408
s b 0 0.02 0.0000 0.00 29464415
s b 0 0.02 0.0000 0.00 29474409
s b 0 0.02 0.0000 0.00 29484415
s b 0 0.02 0.0000 0.00 29494415
s b 0 0.02 0.0000 0.00 29504416
s b 0 0.02 0.0000 0.00 29514417
s b 0 0.02 0.0000 0.00 29524409
s b 0 0.01 0.0000 0.00 29534419
s b 0 0.01 0.0000 0.00 29544416
s b 0 0.01 0.0000 0.00 29554416
s b 0 0.01 0.0000 0.00 29564414
s b 0 0.01 0.0000 0.00 29574419
s b 0 0.01 0.0000 0.00 29584411
s b 0 0.01 0.0000 0.00 29594407
s b 0 0.01 0.0000 0.00 29604423
s b 0 0.01 0.0000 0.00 29614416
s b 0 0.01 0.0000 0.00 29624422
s b 0 0.02 0.0000 0.00 29634418
s b 0 0.02 0.0000 0.00 29644419
s b 0 0.02 0.0000 0.00 29654418
s b 0 0.02 0.0000 0.00 29664419
s b 0 0.02 0.0000 0.00 29674425
s b 0 0.02 0.0000 0.00 29684416
s b 0 0.02 0.0000 0.00 29694420
s b 0 0.02 0.0000 0.00 29704408
s b 0 0.02 0.0000 0.00 29714412
s b 0 0.02 0.0000 0.00 29724415
s b 0 0.02 0.0000 0.00 29734425
s b 0 0.02 0.0000 0.00 29744409
s b 0 0.02 0.0000 0.00 29754419
s b 0 0.02 0.0000 0.00 29764409
s b 0 0.02 0.0000 0.00 29774413
s b 0 0.02 0.0000 0.00 29784422
s b 0 0.02 0.0000 0.00 29794411
s b 0 0.02 0.0000 0.00 29804416
s b 0 0.02 0.0000 0.00 29814411
s b 0 0.02 0.0000 0.00 29824421
s b 0 0.02 0.0000 0.00 29834423
s b 0 0.02 0.0000 0.00 29844421
s b 0 0.02 0.0000 0.00 29854413
s b 0 0.02 0.0000 0.00 29864418
s b 0 0.02 0.0000 0.00 29874402
s b 0 0.02 0.0000 0.00 29884409
s b 0 0.02 0.0000 0.00 29894401
s b 0 0.02 0.0000 0.00 29904406
s b 0 0.02 0.0000 0.00 29914408
s b 0 0.02 0.0000 0.00 29924403
s b 0 0.02 0.0000 0.00 29934403
