s b 0 2.15 0.0475 0.00 24544
s b 0 2.15 0.0475 0.00 24554
s b 0 2.15 0.0475 0.00 24564
s b 0 2.14 0.0489 0.00 24574
s b 0 2.13 0.0495 0.00 24584
s b 0 2.12 0.0508 0.00 24594
s b 0 2.11 0.0515 0.00 24604
s b 0 2.11 0.0515 0.00 24614
s b 0 2.10 0.0528 0.00 24624
s b 0 2.10 0.0528 0.00 24634
s b 0 2.10 0.0528 0.00 24644
s b 0 2.10 0.0528 0.00 24654
s b 0 2.11 0.0515 0.00 24664
s b 0 2.12 0.0508 0.00 24674
s b 0 2.12 0.0502 0.00 24684
s b 0 2.12 0.0502 0.00 24694
s b 0 2.13 0.0495 0.00 24704
s b 0 2.13 0.0495 0.00 24714
s b 0 2.14 0.0489 0.00 24724
s b 0 2.14 0.0489 0.00 24734
s b 0 2.14 0.0489 0.00 24744
s b 0 2.14 0.0489 0.00 24754
s b 0 2.14 0.0489 0.00 24764
s b 0 2.14 0.0489 0.00 24774
s b 0 2.14 0.0482 0.00 24784
s b 0 2.14 0.0489 0.00 24794
s b 0 2.14 0.0489 0.00 24804
s b 0 2.14 0.0489 0.00 24814
s b 0 2.14 0.0489 0.00 24824
s b 0 2.14 0.0489 0.00 24834
s b 0 2.12 0.0502 0.00 24844
s b 0 2.12 0.0502 0.00 24854
s b 0 2.12 0.0508 0.00 24864
s b 0 2.12 0.0508 0.00 24874
s b 0 2.12 0.0508 0.00 24884
s b 0 2.12 0.0508 0.00 24894
s b 0 2.12 0.0508 0.00 24904
s b 0 2.12 0.0502 0.00 24914
s b 0 2.12 0.0502 0.00 24924
s b 0 2.12 0.0502 0.00 24934
s b 0 2.13 0.0495 0.00 24944
s b 0 2.13 0.0495 0.00 24954
s b 0 2.13 0.0495 0.00 24964
s b 0 2.14 0.0482 0.00 24974
s b 0 2.14 0.0482 0.00 24984
s b 0 2.14 0.0482 0.00 24994
s b 0 2.14 0.0482 0.00 25004
s b 0 2.14 0.0482 0.00 25014
s b 0 2.14 0.0482 0.00 25024
s b 0 2.12 0.0502 0.00 25034
s b 0 2.12 0.0502 0.00 25044
s b 0 2.12 0.0502 0.00 25054
s b 0 2.11 0.0515 0.00 25064
s b 0 2.11 0.0515 0.00 25074
s b 0 2.11 0.0515 0.00 25084
s b 0 2.11 0.0515 0.00 25094
s b 0 2.11 0.0515 0.00 25104
s b 0 2.11 0.0515 0.00 25114
s b 0 2.11 0.0515 0.00 25124
s b 0 2.12 0.0508 0.00 25134
s b 0 2.12 0.0508 0.00 25144
s b 0 2.12 0.0502 0.00 25154
s b 0 2.14 0.0482 0.00 25164
s b 0 2.14 0.0482 0.00 25174
s b 0 2.14 0.0482 0.00 25184
s b 0 2.15 0.0475 0.00 25194
s b 0 2.15 0.0475 0.00 25204
s b 0 2.15 0.0475 0.00 25214
s b 0 2.15 0.0475 0.00 25224
s b 0 2.14 0.0482 0.00 25234
s b 0 2.14 0.0482 0.00 25244
s b 0 2.14 0.0489 0.00 25254
s b 0 2.13 0.0495 0.00 25264
s b 0 2.12 0.0502 0.00 25274
s b 0 2.11 0.0515 0.00 25284
s b 0 2.10 0.0528 0.00 25294
s b 0 2.10 0.0528 0.00 25304
s b 0 2.10 0.0528 0.00 25314
s b 0 2.10 0.0528 0.00 25324
s b 0 2.10 0.0528 0.00 25334
s b 0 2.10 0.0528 0.00 25344
s b 0 2.11 0.0515 0.00 25354
s b 0 2.12 0.0508 0.00 25364
s b 0 2.12 0.0508 0.00 25374
s b 0 2.15 0.0475 0.00 25384
s b 0 2.15 0.0475 0.00 25394
s b 0 2.16 0.0462 0.00 25404
s b 0 2.16 0.0462 0.00 25414
s b 0 2.16 0.0462 0.00 25424
s b 0 2.16 0.0462 0.00 25434
s b 0 2.16 0.0462 0.00 25444
s b 0 2.16 0.0462 0.00 25454
s b 0 2.14 0.0489 0.00 25464
s b 0 2.13 0.0495 0.00 25474
s b 0 2.12 0.0502 0.00 25484
s b 0 2.11 0.0515 0.00 25494
s b 0 2.11 0.0522 0.00 25504
s b 0 2.11 0.0522 0.00 25514
s b 0 2.11 0.0522 0.00 25524
s b 0 2.11 0.0522 0.00 25534
s b 0 2.11 0.0522 0.00 25544
s b 0 2.11 0.0522 0.00 25554
s b 0 2.12 0.0502 0.00 25564
s b 0 2.13 0.0495 0.00 25574
s b 0 2.13 0.0495 0.00 25584
s b 0 2.13 0.0495 0.00 25594
s b 0 2.13 0.0495 0.00 25604
s b 0 2.14 0.0489 0.00 25614
s b 0 2.14 0.0489 0.00 25624
s b 0 2.14 0.0489 0.00 25634
s b 0 2.15 0.0475 0.00 25644
s b 0 2.16 0.0469 0.00 25654
s b 0 2.15 0.0475 0.00 25664
s b 0 2.14 0.0489 0.00 25674
s b 0 2.13 0.0495 0.00 25684
s b 0 2.12 0.0502 0.00 25694
s b 0 2.12 0.0502 0.00 25704
s b 0 2.12 0.0508 0.00 25714
s b 0 2.12 0.0508 0.00 25724
s b 0 2.12 0.0508 0.00 25734
s b 0 2.12 0.0502 0.00 25744
s b 0 2.12 0.0502 0.00 25754
s b 0 2.12 0.0502 0.00 25764
s b 0 2.12 0.0502 0.00 25774
s b 0 2.12 0.0502 0.00 25784
s b 0 2.12 0.0502 0.00 25794
s b 0 2.12 0.0502 0.00 25804
s b 0 2.13 0.0495 0.00 25814
s b 0 2.13 0.0495 0.00 25824
s b 0 2.13 0.0495 0.00 25834
s b 0 2.13 0.0495 0.00 25844
s b 0 2.13 0.0495 0.00 25854
s b 0 2.13 0.0495 0.00 25864
s b 0 2.13 0.0495 0.00 25874
s b 0 2.13 0.0495 0.00 25884
s b 0 2.13 0.0495 0.00 25894
s b 0 2.13 0.0495 0.00 25904
s b 0 2.13 0.0495 0.00 25914
s b 0 2.13 0.0495 0.00 25924
s b 0 2.13 0.0495 0.00 25934
s b 0 2.13 0.0495 0.00 25944
s b 0 2.13 0.0495 0.00 25954
s b 0 2.13 0.0495 0.00 25964
s b 0 2.13 0.0495 0.00 25974
s b 0 2.13 0.0495 0.00 25984
s b 0 2.13 0.0495 0.00 25994
s b 0 2.13 0.0495 0.00 26004
s b 0 2.12 0.0508 0.00 26014
s b 0 2.12 0.0508 0.00 26024
s b 0 2.12 0.0508 0.00 26034
s b 0 2.12 0.0508 0.00 26044
s b 0 2.12 0.0508 0.00 26054
s b 0 2.12 0.0508 0.00 26064
s b 0 2.12 0.0502 0.00 26074
s b 0 2.13 0.0495 0.00 26084
s b 0 2.13 0.0495 0.00 26094
s b 0 2.13 0.0495 0.00 26104
s b 0 2.13 0.0495 0.00 26114
s b 0 2.14 0.0489 0.00 26124
s b 0 2.14 0.0489 0.00 26134
s b 0 2.14 0.0489 0.00 26144
s b 0 2.14 0.0489 0.00 26154
s b 0 2.14 0.0489 0.00 26164
s b 0 2.14 0.0489 0.00 26174
s b 0 2.13 0.0495 0.00 26184
s b 0 2.13 0.0495 0.00 26194
s b 0 2.12 0.0502 0.00 26204
s b 0 2.12 0.0508 0.00 26214
s b 0 2.12 0.0508 0.00 26224
s b 0 2.12 0.0508 0.00 26234
s b 0 2.12 0.0508 0.00 26244
s b 0 2.12 0.0508 0.00 26254
s b 0 2.12 0.0508 0.00 26264
s b 0 2.12 0.0502 0.00 26274
s b 0 2.13 0.0495 0.00 26284
s b 0 2.12 0.0502 0.00 26294
s b 0 2.12 0.0508 0.00 26304
s b 0 2.12 0.0502 0.00 26314
s b 0 2.14 0.0489 0.00 26324
s b 0 2.14 0.0482 0.00 26334
s b 0 2.15 0.0475 0.00 26344
s b 0 2.15 0.0475 0.00 26354
s b 0 2.14 0.0482 0.00 26364
s b 0 2.14 0.0489 0.00 26374
s b 0 2.14 0.0489 0.00 26384
s b 0 2.14 0.0489 0.00 26394
s b 0 2.14 0.0489 0.00 26404
s b 0 2.14 0.0489 0.00 26414
s b 0 2.13 0.0495 0.00 26424
s b 0 2.12 0.0502 0.00 26434
s b 0 2.11 0.0515 0.00 26444
s b 0 2.11 0.0515 0.00 26454
s b 0 2.11 0.0515 0.00 26464
s b 0 2.11 0.0515 0.00 26474
s b 0 2.11 0.0515 0.00 26484
s b 0 2.12 0.0508 0.00 26494
s b 0 2.12 0.0508 0.00 26504
s b 0 2.12 0.0502 0.00 26514
s b 0 2.12 0.0502 0.00 26524
s b 0 2.12 0.0502 0.00 26534
s b 0 2.12 0.0502 0.00 26544
s b 0 2.13 0.0495 0.00 26554
s b 0 2.14 0.0482 0.00 26564
s b 0 2.15 0.0475 0.00 26574
s b 0 2.15 0.0475 0.00 26584
s b 0 2.15 0.0475 0.00 26594
s b 0 2.15 0.0475 0.00 26604
s b 0 2.15 0.0475 0.00 26614
s b 0 2.14 0.0482 0.00 26624
s b 0 2.13 0.0495 0.00 26634
s b 0 2.13 0.0495 0.00 26644
s b 0 2.12 0.0502 0.00 26654
s b 0 2.12 0.0502 0.00 26664
s b 0 2.12 0.0508 0.00 26674
s b 0 2.11 0.0522 0.00 26684
s b 0 2.11 0.0522 0.00 26694
s b 0 2.11 0.0522 0.00 26704
s b 0 2.11 0.0522 0.00 26714
s b 0 2.11 0.0522 0.00 26724
s b 0 2.11 0.0522 0.00 26734
s b 0 2.12 0.0508 0.00 26744
s b 0 2.12 0.0502 0.00 26754
s b 0 2.13 0.0495 0.00 26764
s b 0 2.13 0.0495 0.00 26774
s b 0 2.14 0.0482 0.00 26784
s b 0 2.15 0.0475 0.00 26794
s b 0 2.16 0.0469 0.00 26804
s b 0 2.16 0.0469 0.00 26814
s b 0 2.16 0.0469 0.00 26824
s b 0 2.16 0.0469 0.00 26834
s b 0 2.15 0.0475 0.00 26844
s b 0 2.15 0.0475 0.00 26854
s b 0 2.14 0.0482 0.00 26864
s b 0 2.13 0.0495 0.00 26874
s b 0 2.13 0.0495 0.00 26884
s b 0 2.11 0.0515 0.00 26894
s b 0 2.11 0.0515 0.00 26904
s b 0 2.11 0.0515 0.00 26914
s b 0 2.11 0.0515 0.00 26924
s b 0 2.11 0.0515 0.00 26934
s b 0 2.11 0.0515 0.00 26944
s b 0 2.11 0.0515 0.00 26954
s b 0 2.12 0.0508 0.00 26964
s b 0 2.12 0.0508 0.00 26974
s b 0 2.12 0.0508 0.00 26984
ack
s b 0 2.12 1.0000 10.00 26994
s b 0 2.12 1.0000 10.00 27004
s b 0 5.46 0.7169 10.00 27014
s b 0 5.46 0.7169 10.00 27024
s b 0 5.46 0.7169 10.00 27034
s b 0 11.59 0.1037 10.00 27044
s b 0 11.59 0.1037 10.00 27054
s b 0 11.59 0.1037 10.00 27064
s b 0 11.59 0.1037 10.00 27074
s b 0 11.59 0.1037 10.00 27084
s b 0 11.59 0.1037 10.00 27094
s b 0 11.59 0.1037 10.00 27104
s b 0 11.42 0.1203 10.00 27114
s b 0 10.75 0.1880 10.00 27124
s b 0 10.07 0.2557 10.00 27134
s b 0 9.50 0.3125 10.00 27144
s b 0 8.89 0.3737 10.00 27154
s b 0 8.79 0.3838 10.00 27164
s b 0 8.79 0.3838 10.00 27174
s b 0 8.79 0.3838 10.00 27184
s b 0 8.79 0.3838 10.00 27194
s b 0 8.79 0.3838 10.00 27204
s b 0 8.79 0.3838 10.00 27214
s b 0 9.45 0.3178 10.00 27224
s b 0 10.08 0.2543 10.00 27234
s b 0 10.65 0.1981 10.00 27244
s b 0 11.30 0.1323 10.00 27254
s b 0 11.59 0.1037 10.00 27264
s b 0 11.59 0.1037 10.00 27274
s b 0 11.59 0.1037 10.00 27284
s b 0 11.59 0.1037 10.00 27294
s b 0 11.59 0.1037 10.00 27304
s b 0 11.59 0.1037 10.00 27314
s b 0 10.91 0.1721 10.00 27324
s b 0 10.22 0.2404 10.00 27334
s b 0 9.54 0.3085 10.00 27344
s b 0 8.99 0.3634 10.00 27354
s b 0 8.61 0.4014 10.00 27364
s b 0 8.61 0.4014 10.00 27374
s b 0 8.61 0.4014 10.00 27384
s b 0 8.61 0.4014 10.00 27394
s b 0 8.61 0.4014 10.00 27404
s b 0 8.61 0.4014 10.00 27414
s b 0 9.32 0.3310 10.00 27424
s b 0 10.06 0.2571 10.00 27434
s b 0 10.70 0.1923 10.00 27444
s b 0 11.41 0.1218 10.00 27454
s b 0 11.77 0.0854 10.00 27464
s b 0 11.77 0.0854 10.00 27474
s b 0 11.77 0.0854 10.00 27484
s b 0 11.77 0.0854 10.00 27494
s b 0 11.77 0.0854 10.00 27504
s b 0 11.77 0.0854 10.00 27514
s b 0 10.99 0.1633 10.00 27524
s b 0 10.15 0.2474 10.00 27534
s b 0 9.47 0.3152 10.00 27544
s b 0 8.74 0.3889 10.00 27554
s b 0 8.45 0.4175 10.00 27564
s b 0 8.45 0.4175 10.00 27574
s b 0 8.45 0.4175 10.00 27584
s b 0 8.45 0.4175 10.00 27594
s b 0 8.45 0.4175 10.00 27604
s b 0 8.45 0.4175 10.00 27614
s b 0 9.23 0.3402 10.00 27624
s b 0 10.06 0.2571 10.00 27634
s b 0 10.80 0.1822 10.00 27644
s b 0 11.42 0.1203 10.00 27654
s b 0 12.00 0.0622 10.00 27664
s b 0 12.00 0.0622 10.00 27674
s b 0 12.00 0.0622 10.00 27684
s b 0 12.00 0.0622 10.00 27694
s b 0 12.00 0.0622 10.00 27704
s b 0 12.00 0.0622 10.00 27714
s b 0 11.04 0.1589 10.00 27724
s b 0 10.17 0.2460 10.00 27734
s b 0 9.30 0.3323 10.00 27744
s b 0 8.53 0.4101 10.00 27754
s b 0 8.17 0.4456 10.00 27764
s b 0 8.17 0.4456 10.00 27774
s b 0 8.17 0.4456 10.00 27784
s b 0 8.17 0.4456 10.00 27794
s b 0 8.17 0.4456 10.00 27804
s b 0 8.17 0.4456 10.00 27814
s b 0 9.07 0.3557 10.00 27824
s b 0 9.96 0.2667 10.00 27834
s b 0 10.85 0.1779 10.00 27844
s b 0 11.68 0.0946 10.00 27854
s b 0 12.29 0.0340 10.00 27864
s b 0 12.29 0.0340 10.00 27874
s b 0 12.29 0.0340 10.00 27884
s b 0 12.29 0.0340 10.00 27894
s b 0 12.29 0.0340 10.00 27904
s b 0 12.29 0.0340 10.00 27914
s b 0 6.76 0.5866 10.00 27924
s b 0 6.76 0.5866 10.00 27934
s b 0 6.76 0.5866 10.00 27944
s b 0 6.76 0.5866 10.00 27954
s b 0 6.76 0.5866 10.00 27964
s b 0 12.72 0.0000 10.00 27974
s b 0 12.72 0.0000 10.00 27984
s b 0 12.72 0.0000 10.00 27994
s b 0 12.72 0.0000 10.00 28004
s b 0 12.72 0.0000 10.00 28014
s b 0 12.72 0.0000 10.00 28024
s b 0 6.78 0.5844 10.00 28034
s b 0 6.78 0.5844 10.00 28044
s b 0 6.78 0.5844 10.00 28054
s b 0 6.78 0.5844 10.00 28064
s b 0 6.78 0.5844 10.00 28074
s b 0 12.69 0.0000 10.00 28084
s b 0 12.69 0.0000 10.00 28094
s b 0 12.69 0.0000 10.00 28104
s b 0 12.69 0.0000 10.00 28114
s b 0 12.69 0.0000 10.00 28124
s b 0 12.69 0.0000 10.00 28134
s b 0 6.75 0.5877 10.00 28144
s b 0 6.75 0.5877 10.00 28154
s b 0 6.75 0.5877 10.00 28164
s b 0 6.75 0.5877 10.00 28174
s b 0 6.75 0.5877 10.00 28184
s b 0 12.69 0.0000 10.00 28194
s b 0 12.69 0.0000 10.00 28204
s b 0 12.69 0.0000 10.00 28214
s b 0 12.69 0.0000 10.00 28224
s b 0 12.69 0.0000 10.00 28234
s b 0 12.69 0.0000 10.00 28244
s b 0 6.74 0.5887 10.00 28254
s b 0 6.74 0.5887 10.00 28264
s b 0 6.74 0.5887 10.00 28274
s b 0 6.74 0.5887 10.00 28284
s b 0 6.74 0.5887 10.00 28294
s b 0 12.83 0.0000 10.00 28304
s b 0 12.83 0.0000 10.00 28314
s b 0 12.83 0.0000 10.00 28324
s b 0 12.83 0.0000 10.00 28334
s b 0 12.83 0.0000 10.00 28344
s b 0 12.83 0.0000 10.00 28354
s b 0 6.79 0.5833 10.00 28364
s b 0 6.79 0.5833 10.00 28374
s b 0 6.79 0.5833 10.00 28384
s b 0 6.79 0.5833 10.00 28394
s b 0 6.79 0.5833 10.00 28404
s b 0 12.61 0.0020 10.00 28414
s b 0 12.61 0.0020 10.00 28424
s b 0 12.61 0.0020 10.00 28434
s b 0 12.61 0.0020 10.00 28444
s b 0 12.61 0.0020 10.00 28454
s b 0 12.61 0.0020 10.00 28464
s b 0 6.92 0.5702 10.00 28474
s b 0 6.92 0.5702 10.00 28484
s b 0 6.92 0.5702 10.00 28494
s b 0 6.92 0.5702 10.00 28504
s b 0 6.92 0.5702 10.00 28514
s b 0 12.46 0.0165 10.00 28524
s b 0 12.46 0.0165 10.00 28534
s b 0 12.46 0.0165 10.00 28544
s b 0 12.46 0.0165 10.00 28554
s b 0 12.46 0.0165 10.00 28564
s b 0 12.46 0.0165 10.00 28574
s b 0 12.30 0.0324 10.00 28584
s b 0 6.56 0.6070 10.00 28594
s b 0 6.56 0.6070 10.00 28604
s b 0 6.56 0.6070 10.00 28614
s b 0 6.56 0.6070 10.00 28624
s b 0 6.56 0.6070 10.00 28634
s b 0 12.74 0.0000 10.00 28644
s b 0 12.74 0.0000 10.00 28654
s b 0 12.74 0.0000 10.00 28664
s b 0 12.74 0.0000 10.00 28674
s b 0 12.74 0.0000 10.00 28684
s b 0 12.74 0.0000 10.00 28694
s b 0 6.98 0.5647 10.00 28704
s b 0 6.98 0.5647 10.00 28714
s b 0 6.98 0.5647 10.00 28724
s b 0 6.98 0.5647 10.00 28734
s b 0 6.98 0.5647 10.00 28744
s b 0 12.51 0.0117 10.00 28754
s b 0 12.51 0.0117 10.00 28764
s b 0 12.51 0.0117 10.00 28774
s b 0 12.51 0.0117 10.00 28784
s b 0 12.51 0.0117 10.00 28794
s b 0 12.51 0.0117 10.00 28804
s b 0 7.05 0.5580 10.00 28814
s b 0 7.05 0.5580 10.00 28824
s b 0 7.05 0.5580 10.00 28834
s b 0 7.05 0.5580 10.00 28844
s b 0 7.05 0.5580 10.00 28854
s b 0 12.48 0.0149 10.00 28864
s b 0 12.48 0.0149 10.00 28874
s b 0 12.48 0.0149 10.00 28884
s b 0 12.48 0.0149 10.00 28894
s b 0 12.48 0.0149 10.00 28904
s b 0 12.48 0.0149 10.00 28914
s b 0 12.19 0.0434 10.00 28924
s b 0 6.45 0.6176 10.00 28934
s b 0 6.45 0.6176 10.00 28944
s b 0 6.45 0.6176 10.00 28954
s b 0 6.45 0.6176 10.00 28964
s b 0 6.45 0.6176 10.00 28974
s b 0 12.96 0.0000 10.00 28984
s b 0 12.96 0.0000 10.00 28994
s b 0 12.96 0.0000 10.00 29004
s b 0 12.96 0.0000 10.00 29014
s b 0 12.96 0.0000 10.00 29024
s b 0 12.96 0.0000 10.00 29034
s b 0 6.98 0.5647 10.00 29044
s b 0 6.98 0.5647 10.00 29054
s b 0 6.98 0.5647 10.00 29064
s b 0 6.98 0.5647 10.00 29074
s b 0 6.98 0.5647 10.00 29084
s b 0 12.41 0.0213 10.00 29094
s b 0 12.41 0.0213 10.00 29104
s b 0 12.41 0.0213 10.00 29114
s b 0 12.41 0.0213 10.00 29124
s b 0 12.41 0.0213 10.00 29134
s b 0 12.41 0.0213 10.00 29144
s b 0 12.19 0.0434 10.00 29154
s b 0 6.66 0.5963 10.00 29164
s b 0 6.66 0.5963 10.00 29174
s b 0 6.66 0.5963 10.00 29184
s b 0 6.66 0.5963 10.00 29194
s b 0 6.66 0.5963 10.00 29204
s b 0 12.77 0.0000 10.00 29214
s b 0 12.77 0.0000 10.00 29224
s b 0 12.77 0.0000 10.00 29234
s b 0 12.77 0.0000 10.00 29244
s b 0 12.77 0.0000 10.00 29254
s b 0 12.77 0.0000 10.00 29264
s b 0 6.90 0.5724 10.00 29274
s b 0 6.90 0.5724 10.00 29284
s b 0 6.90 0.5724 10.00 29294
s b 0 6.90 0.5724 10.00 29304
s b 0 6.90 0.5724 10.00 29314
s b 0 12.56 0.0069 10.00 29324
s b 0 12.56 0.0069 10.00 29334
s b 0 12.56 0.0069 10.00 29344
s b 0 12.56 0.0069 10.00 29354
s b 0 12.56 0.0069 10.00 29364
s b 0 12.56 0.0069 10.00 29374
s b 0 6.98 0.5647 10.00 29384
s b 0 6.98 0.5647 10.00 29394
s b 0 6.98 0.5647 10.00 29404
s b 0 6.98 0.5647 10.00 29414
s b 0 6.98 0.5647 10.00 29424
s b 0 12.56 0.0069 10.00 29434
s b 0 12.56 0.0069 10.00 29444
s b 0 12.56 0.0069 10.00 29454
s b 0 12.56 0.0069 10.00 29464
s b 0 12.56 0.0069 10.00 29474
s b 0 12.56 0.0069 10.00 29484
s b 0 6.90 0.5724 10.00 29494
s b 0 6.90 0.5724 10.00 29504
s b 0 6.90 0.5724 10.00 29514
s b 0 6.90 0.5724 10.00 29524
s b 0 6.90 0.5724 10.00 29534
s b 0 12.59 0.0036 10.00 29544
s b 0 12.59 0.0036 10.00 29554
s b 0 12.59 0.0036 10.00 29564
s b 0 12.59 0.0036 10.00 29574
s b 0 12.59 0.0036 10.00 29584
s b 0 12.59 0.0036 10.00 29594
s b 0 6.84 0.5790 10.00 29604
s b 0 6.84 0.5790 10.00 29614
s b 0 6.84 0.5790 10.00 29624
s b 0 6.84 0.5790 10.00 29634
s b 0 6.84 0.5790 10.00 29644
s b 0 12.74 0.0000 10.00 29654
s b 0 12.74 0.0000 10.00 29664
s b 0 12.74 0.0000 10.00 29674
s b 0 12.74 0.0000 10.00 29684
s b 0 12.74 0.0000 10.00 29694
s b 0 12.74 0.0000 10.00 29704
s b 0 6.78 0.5844 10.00 29714
s b 0 6.78 0.5844 10.00 29724
s b 0 6.78 0.5844 10.00 29734
s b 0 6.78 0.5844 10.00 29744
s b 0 6.78 0.5844 10.00 29754
s b 0 12.72 0.0000 10.00 29764
s b 0 12.72 0.0000 10.00 29774
s b 0 12.72 0.0000 10.00 29784
s b 0 12.72 0.0000 10.00 29794
s b 0 12.72 0.0000 10.00 29804
s b 0 12.72 0.0000 10.00 29814
s b 0 6.85 0.5779 10.00 29824
s b 0 6.85 0.5779 10.00 29834
s b 0 6.85 0.5779 10.00 29844
s b 0 6.85 0.5779 10.00 29854
s b 0 6.85 0.5779 10.00 29864
s b 0 12.74 0.0000 10.00 29874
s b 0 12.74 0.0000 10.00 29884
s b 0 12.74 0.0000 10.00 29894
s b 0 12.74 0.0000 10.00 29904
s b 0 12.74 0.0000 10.00 29914
s b 0 12.74 0.0000 10.00 29924
s b 0 6.75 0.5877 10.00 29934
s b 0 6.75 0.5877 10.00 29944
s b 0 6.75 0.5877 10.00 29954
s b 0 6.75 0.5877 10.00 29964
s b 0 6.75 0.5877 10.00 29974
s b 0 12.77 0.0000 10.00 29984
s b 0 12.77 0.0000 10.00 29994
s b 0 12.77 0.0000 10.00 30004
s b 0 12.77 0.0000 10.00 30014
s b 0 12.77 0.0000 10.00 30024
s b 0 12.77 0.0000 10.00 30034
s b 0 6.77 0.5855 10.00 30044
s b 0 6.77 0.5855 10.00 30054
s b 0 6.77 0.5855 10.00 30064
s b 0 6.77 0.5855 10.00 30074
s b 0 6.77 0.5855 10.00 30084
s b 0 12.87 0.0000 10.00 30094
s b 0 12.87 0.0000 10.00 30104
s b 0 12.87 0.0000 10.00 30114
s b 0 12.87 0.0000 10.00 30124
s b 0 12.87 0.0000 10.00 30134
s b 0 12.87 0.0000 10.00 30144
s b 0 6.97 0.5658 10.00 30154
s b 0 6.97 0.5658 10.00 30164
s b 0 6.97 0.5658 10.00 30174
s b 0 6.97 0.5658 10.00 30184
s b 0 6.97 0.5658 10.00 30194
s b 0 12.46 0.0165 10.00 30204
s b 0 12.46 0.0165 10.00 30214
s b 0 12.46 0.0165 10.00 30224
s b 0 12.46 0.0165 10.00 30234
s b 0 12.46 0.0165 10.00 30244
s b 0 12.46 0.0165 10.00 30254
s b 0 12.13 0.0497 10.00 30264
s b 0 6.52 0.6102 10.00 30274
s b 0 6.52 0.6102 10.00 30284
s b 0 6.52 0.6102 10.00 30294
s b 0 6.52 0.6102 10.00 30304
s b 0 6.52 0.6102 10.00 30314
s b 0 12.83 0.0000 10.00 30324
s b 0 12.83 0.0000 10.00 30334
s b 0 12.83 0.0000 10.00 30344
s b 0 12.83 0.0000 10.00 30354
s b 0 12.83 0.0000 10.00 30364
s b 0 12.83 0.0000 10.00 30374
s b 0 6.97 0.5658 10.00 30384
s b 0 6.97 0.5658 10.00 30394
s b 0 6.97 0.5658 10.00 30404
s b 0 6.97 0.5658 10.00 30414
s b 0 6.97 0.5658 10.00 30424
s b 0 12.45 0.0181 10.00 30434
s b 0 12.45 0.0181 10.00 30444
s b 0 12.45 0.0181 10.00 30454
s b 0 12.45 0.0181 10.00 30464
s b 0 12.45 0.0181 10.00 30474
s b 0 12.45 0.0181 10.00 30484
s b 0 12.24 0.0387 10.00 30494
s b 0 6.56 0.6070 10.00 30504
s b 0 6.56 0.6070 10.00 30514
s b 0 6.56 0.6070 10.00 30524
s b 0 6.56 0.6070 10.00 30534
s b 0 6.56 0.6070 10.00 30544
s b 0 12.90 0.0000 10.00 30554
s b 0 12.90 0.0000 10.00 30564
s b 0 12.90 0.0000 10.00 30574
s b 0 12.90 0.0000 10.00 30584
s b 0 12.90 0.0000 10.00 30594
s b 0 12.90 0.0000 10.00 30604
s b 0 6.99 0.5636 10.00 30614
s b 0 6.99 0.5636 10.00 30624
s b 0 6.99 0.5636 10.00 30634
s b 0 6.99 0.5636 10.00 30644
s b 0 6.99 0.5636 10.00 30654
s b 0 12.45 0.0181 10.00 30664
s b 0 12.45 0.0181 10.00 30674
s b 0 12.45 0.0181 10.00 30684
s b 0 12.45 0.0181 10.00 30694
s b 0 12.45 0.0181 10.00 30704
s b 0 12.45 0.0181 10.00 30714
s b 0 12.21 0.0419 10.00 30724
s b 0 6.56 0.6070 10.00 30734
s b 0 6.56 0.6070 10.00 30744
s b 0 6.56 0.6070 10.00 30754
s b 0 6.56 0.6070 10.00 30764
s b 0 6.56 0.6070 10.00 30774
s b 0 12.93 0.0000 10.00 30784
s b 0 12.93 0.0000 10.00 30794
s b 0 12.93 0.0000 10.00 30804
s b 0 12.93 0.0000 10.00 30814
s b 0 12.93 0.0000 10.00 30824
s b 0 12.93 0.0000 10.00 30834
s b 0 6.96 0.5669 10.00 30844
s b 0 6.96 0.5669 10.00 30854
s b 0 6.96 0.5669 10.00 30864
s b 0 6.96 0.5669 10.00 30874
s b 0 6.96 0.5669 10.00 30884
s b 0 12.45 0.0181 10.00 30894
s b 0 12.45 0.0181 10.00 30904
s b 0 12.45 0.0181 10.00 30914
s b 0 12.45 0.0181 10.00 30924
s b 0 12.45 0.0181 10.00 30934
s b 0 12.45 0.0181 10.00 30944
s b 0 12.19 0.0434 10.00 30954
s b 0 6.63 0.5995 10.00 30964
s b 0 6.63 0.5995 10.00 30974
s b 0 6.63 0.5995 10.00 30984
s b 0 6.63 0.5995 10.00 30994
s b 0 6.63 0.5995 10.00 31004
s b 0 12.80 0.0000 10.00 31014
s b 0 12.80 0.0000 10.00 31024
s b 0 12.80 0.0000 10.00 31034
s b 0 12.80 0.0000 10.00 31044
s b 0 12.80 0.0000 10.00 31054
s b 0 12.80 0.0000 10.00 31064
s b 0 6.86 0.5768 10.00 31074
s b 0 6.86 0.5768 10.00 31084
s b 0 6.86 0.5768 10.00 31094
s b 0 6.86 0.5768 10.00 31104
s b 0 6.86 0.5768 10.00 31114
s b 0 12.62 0.0004 10.00 31124
s b 0 12.62 0.0004 10.00 31134
s b 0 12.62 0.0004 10.00 31144
s b 0 12.62 0.0004 10.00 31154
s b 0 12.62 0.0004 10.00 31164
s b 0 12.62 0.0004 10.00 31174
s b 0 6.79 0.5833 10.00 31184
s b 0 6.79 0.5833 10.00 31194
s b 0 6.79 0.5833 10.00 31204
s b 0 6.79 0.5833 10.00 31214
s b 0 6.79 0.5833 10.00 31224
s b 0 12.67 0.0000 10.00 31234
s b 0 12.67 0.0000 10.00 31244
s b 0 12.67 0.0000 10.00 31254
s b 0 12.67 0.0000 10.00 31264
s b 0 12.67 0.0000 10.00 31274
s b 0 12.67 0.0000 10.00 31284
s b 0 6.83 0.5800 10.00 31294
s b 0 6.83 0.5800 10.00 31304
s b 0 6.83 0.5800 10.00 31314
s b 0 6.83 0.5800 10.00 31324
s b 0 6.83 0.5800 10.00 31334
s b 0 12.69 0.0000 10.00 31344
s b 0 12.69 0.0000 10.00 31354
s b 0 12.69 0.0000 10.00 31364
s b 0 12.69 0.0000 10.00 31374
s b 0 12.69 0.0000 10.00 31384
s b 0 12.69 0.0000 10.00 31394
s b 0 6.84 0.5790 10.00 31404
s b 0 6.84 0.5790 10.00 31414
s b 0 6.84 0.5790 10.00 31424
s b 0 6.84 0.5790 10.00 31434
s b 0 6.84 0.5790 10.00 31444
s b 0 12.57 0.0052 10.00 31454
s b 0 12.57 0.0052 10.00 31464
s b 0 12.57 0.0052 10.00 31474
s b 0 12.57 0.0052 10.00 31484
s b 0 12.57 0.0052 10.00 31494
s b 0 12.57 0.0052 10.00 31504
s b 0 6.94 0.5691 10.00 31514
s b 0 6.94 0.5691 10.00 31524
s b 0 6.94 0.5691 10.00 31534
s b 0 6.94 0.5691 10.00 31544
s b 0 6.94 0.5691 10.00 31554
s b 0 12.61 0.0020 10.00 31564
s b 0 12.61 0.0020 10.00 31574
s b 0 12.61 0.0020 10.00 31584
s b 0 12.61 0.0020 10.00 31594
s b 0 12.61 0.0020 10.00 31604
s b 0 12.61 0.0020 10.00 31614
s b 0 6.80 0.5822 10.00 31624
s b 0 6.80 0.5822 10.00 31634
s b 0 6.80 0.5822 10.00 31644
s b 0 6.80 0.5822 10.00 31654
s b 0 6.80 0.5822 10.00 31664
s b 0 12.74 0.0000 10.00 31674
s b 0 12.74 0.0000 10.00 31684
s b 0 12.74 0.0000 10.00 31694
s b 0 12.74 0.0000 10.00 31704
s b 0 12.74 0.0000 10.00 31714
s b 0 12.74 0.0000 10.00 31724
s b 0 6.75 0.5877 10.00 31734
s b 0 6.75 0.5877 10.00 31744
s b 0 6.75 0.5877 10.00 31754
s b 0 6.75 0.5877 10.00 31764
s b 0 6.75 0.5877 10.00 31774
s b 0 12.82 0.0000 10.00 31784
s b 0 12.82 0.0000 10.00 31794
s b 0 12.82 0.0000 10.00 31804
s b 0 12.82 0.0000 10.00 31814
s b 0 12.82 0.0000 10.00 31824
s b 0 12.82 0.0000 10.00 31834
s b 0 6.79 0.5833 10.00 31844
s b 0 6.79 0.5833 10.00 31854
s b 0 6.79 0.5833 10.00 31864
s b 0 6.79 0.5833 10.00 31874
s b 0 6.79 0.5833 10.00 31884
s b 0 12.77 0.0000 10.00 31894
s b 0 12.77 0.0000 10.00 31904
s b 0 12.77 0.0000 10.00 31914
s b 0 12.77 0.0000 10.00 31924
s b 0 12.77 0.0000 10.00 31934
s b 0 12.77 0.0000 10.00 31944
s b 0 6.91 0.5713 10.00 31954
s b 0 6.91 0.5713 10.00 31964
s b 0 6.91 0.5713 10.00 31974
s b 0 6.91 0.5713 10.00 31984
s b 0 6.91 0.5713 10.00 31994
s b 0 12.59 0.0036 10.00 32004
s b 0 12.59 0.0036 10.00 32014
s b 0 12.59 0.0036 10.00 32024
s b 0 12.59 0.0036 10.00 32034
s b 0 12.59 0.0036 10.00 32044
s b 0 12.59 0.0036 10.00 32054
s b 0 6.90 0.5724 10.00 32064
s b 0 6.90 0.5724 10.00 32074
s b 0 6.90 0.5724 10.00 32084
s b 0 6.90 0.5724 10.00 32094
s b 0 6.90 0.5724 10.00 32104
s b 0 12.53 0.0101 10.00 32114
s b 0 12.53 0.0101 10.00 32124
s b 0 12.53 0.0101 10.00 32134
s b 0 12.53 0.0101 10.00 32144
s b 0 12.53 0.0101 10.00 32154
s b 0 12.53 0.0101 10.00 32164
s b 0 7.08 0.5547 10.00 32174
s b 0 7.08 0.5547 10.00 32184
s b 0 7.08 0.5547 10.00 32194
s b 0 7.08 0.5547 10.00 32204
s b 0 7.08 0.5547 10.00 32214
s b 0 7.08 0.5547 10.00 32224
s b 0 13.58 0.0000 10.00 32234
s b 0 13.58 0.0000 10.00 32244
s b 0 13.58 0.0000 10.00 32254
s b 0 13.58 0.0000 10.00 32264
s b 0 13.58 0.0000 10.00 32274
s b 0 13.58 0.0000 10.00 32284
s b 0 7.10 0.5525 10.00 32294
s b 0 7.10 0.5525 10.00 32304
s b 0 7.10 0.5525 10.00 32314
s b 0 7.10 0.5525 10.00 32324
s b 0 7.10 0.5525 10.00 32334
s b 0 7.10 0.5525 10.00 32344
s b 0 13.53 0.0000 10.00 32354
s b 0 13.53 0.0000 10.00 32364
s b 0 13.53 0.0000 10.00 32374
s b 0 13.53 0.0000 10.00 32384
s b 0 13.53 0.0000 10.00 32394
s b 0 13.53 0.0000 10.00 32404
s b 0 7.10 0.5525 10.00 32414
s b 0 7.10 0.5525 10.00 32424
s b 0 7.10 0.5525 10.00 32434
s b 0 7.10 0.5525 10.00 32444
s b 0 7.10 0.5525 10.00 32454
s b 0 7.10 0.5525 10.00 32464
s b 0 13.62 0.0000 10.00 32474
s b 0 13.62 0.0000 10.00 32484
s b 0 13.62 0.0000 10.00 32494
s b 0 13.62 0.0000 10.00 32504
s b 0 13.62 0.0000 10.00 32514
s b 0 13.62 0.0000 10.00 32524
s b 0 7.11 0.5514 10.00 32534
s b 0 7.11 0.5514 10.00 32544
s b 0 7.11 0.5514 10.00 32554
s b 0 7.11 0.5514 10.00 32564
s b 0 7.11 0.5514 10.00 32574
s b 0 7.11 0.5514 10.00 32584
s b 0 13.48 0.0000 10.00 32594
s b 0 13.48 0.0000 10.00 32604
s b 0 13.48 0.0000 10.00 32614
s b 0 13.48 0.0000 10.00 32624
s b 0 13.48 0.0000 10.00 32634
s b 0 13.48 0.0000 10.00 32644
s b 0 7.10 0.5525 10.00 32654
s b 0 7.10 0.5525 10.00 32664
s b 0 7.10 0.5525 10.00 32674
s b 0 7.10 0.5525 10.00 32684
s b 0 7.10 0.5525 10.00 32694
s b 0 7.10 0.5525 10.00 32704
s b 0 13.55 0.0000 10.00 32714
s b 0 13.55 0.0000 10.00 32724
s b 0 13.55 0.0000 10.00 32734
s b 0 13.55 0.0000 10.00 32744
s b 0 13.55 0.0000 10.00 32754
s b 0 13.55 0.0000 10.00 32764
s b 0 7.08 0.5547 10.00 32774
s b 0 7.08 0.5547 10.00 32784
s b 0 7.08 0.5547 10.00 32794
s b 0 7.08 0.5547 10.00 32804
s b 0 7.08 0.5547 10.00 32814
s b 0 7.08 0.5547 10.00 32824
s b 0 13.69 0.0000 10.00 32834
s b 0 13.69 0.0000 10.00 32844
s b 0 13.69 0.0000 10.00 32854
s b 0 13.69 0.0000 10.00 32864
s b 0 13.69 0.0000 10.00 32874
s b 0 13.69 0.0000 10.00 32884
s b 0 7.11 0.5514 10.00 32894
s b 0 7.11 0.5514 10.00 32904
s b 0 7.11 0.5514 10.00 32914
s b 0 7.11 0.5514 10.00 32924
s b 0 7.11 0.5514 10.00 32934
s b 0 7.11 0.5514 10.00 32944
s b 0 13.62 0.0000 10.00 32954
s b 0 13.62 0.0000 10.00 32964
s b 0 13.62 0.0000 10.00 32974
s b 0 13.62 0.0000 10.00 32984
s b 0 13.62 0.0000 10.00 32994
s b 0 13.62 0.0000 10.00 33004
s b 0 7.10 0.5525 10.00 33014
s b 0 7.10 0.5525 10.00 33024
s b 0 7.10 0.5525 10.00 33034
s b 0 7.10 0.5525 10.00 33044
s b 0 7.10 0.5525 10.00 33054
s b 0 7.10 0.5525 10.00 33064
s b 0 13.65 0.0000 10.00 33074
s b 0 13.65 0.0000 10.00 33084
s b 0 13.65 0.0000 10.00 33094
s b 0 13.65 0.0000 10.00 33104
s b 0 13.65 0.0000 10.00 33114
s b 0 13.65 0.0000 10.00 33124
s b 0 7.11 0.5514 10.00 33134
s b 0 7.11 0.5514 10.00 33144
s b 0 7.11 0.5514 10.00 33154
s b 0 7.11 0.5514 10.00 33164
s b 0 7.11 0.5514 10.00 33174
s b 0 7.11 0.5514 10.00 33184
s b 0 13.62 0.0000 10.00 33194
s b 0 13.62 0.0000 10.00 33204
s b 0 13.62 0.0000 10.00 33214
s b 0 13.62 0.0000 10.00 33224
s b 0 13.62 0.0000 10.00 33234
s b 0 13.62 0.0000 10.00 33244
s b 0 7.08 0.5547 10.00 33254
s b 0 7.08 0.5547 10.00 33264
s b 0 7.08 0.5547 10.00 33274
s b 0 7.08 0.5547 10.00 33284
s b 0 7.08 0.5547 10.00 33294
s b 0 12.46 0.0165 10.00 33304
s b 0 12.46 0.0165 10.00 33314
s b 0 12.46 0.0165 10.00 33324
s b 0 12.46 0.0165 10.00 33334
s b 0 12.46 0.0165 10.00 33344
s b 0 12.46 0.0165 10.00 33354
s b 0 12.13 0.0497 10.00 33364
s b 0 6.47 0.6155 10.00 33374
s b 0 6.47 0.6155 10.00 33384
s b 0 6.47 0.6155 10.00 33394
s b 0 6.47 0.6155 10.00 33404
s b 0 11.64 0.0992 10.00 33414
s b 0 11.64 0.0992 10.00 33424
s b 0 11.64 0.0992 10.00 33434
s b 0 11.64 0.0992 10.00 33444
s b 0 11.64 0.0992 10.00 33454
s b 0 11.64 0.0992 10.00 33464
s b 0 11.64 0.0992 10.00 33474
s b 0 11.11 0.1516 10.00 33484
s b 0 10.46 0.2166 10.00 33494
s b 0 9.84 0.2790 10.00 33504
s b 0 9.29 0.3336 10.00 33514
s b 0 8.73 0.3901 10.00 33524
s b 0 8.73 0.3901 10.00 33534
s b 0 8.73 0.3901 10.00 33544
s b 0 8.73 0.3901 10.00 33554
s b 0 8.73 0.3901 10.00 33564
s b 0 8.73 0.3901 10.00 33574
s b 0 9.24 0.3389 10.00 33584
s b 0 9.92 0.2708 10.00 33594
s b 0 10.59 0.2038 10.00 33604
s b 0 11.17 0.1457 10.00 33614
s b 0 11.79 0.0839 10.00 33624
s b 0 11.79 0.0839 10.00 33634
s b 0 11.79 0.0839 10.00 33644
s b 0 11.79 0.0839 10.00 33654
s b 0 11.79 0.0839 10.00 33664
s b 0 11.79 0.0839 10.00 33674
s b 0 11.13 0.1501 10.00 33684
s b 0 10.29 0.2335 10.00 33694
s b 0 9.55 0.3072 10.00 33704
s b 0 8.88 0.3749 10.00 33714
s b 0 8.32 0.4310 10.00 33724
s b 0 8.32 0.4310 10.00 33734
s b 0 8.32 0.4310 10.00 33744
s b 0 8.32 0.4310 10.00 33754
s b 0 8.32 0.4310 10.00 33764
s b 0 8.32 0.4310 10.00 33774
s b 0 9.13 0.3493 10.00 33784
s b 0 9.96 0.2667 10.00 33794
s b 0 10.79 0.1837 10.00 33804
s b 0 11.54 0.1083 10.00 33814
s b 0 12.15 0.0482 10.00 33824
s b 0 12.15 0.0482 10.00 33834
s b 0 12.15 0.0482 10.00 33844
s b 0 12.15 0.0482 10.00 33854
s b 0 12.15 0.0482 10.00 33864
s b 0 12.15 0.0482 10.00 33874
s b 0 11.27 0.1353 10.00 33884
s b 0 10.24 0.2390 10.00 33894
s b 0 9.30 0.3323 10.00 33904
s b 0 8.41 0.4212 10.00 33914
s b 0 7.91 0.4720 10.00 33924
s b 0 7.91 0.4720 10.00 33934
s b 0 7.91 0.4720 10.00 33944
s b 0 7.91 0.4720 10.00 33954
s b 0 7.91 0.4720 10.00 33964
s b 0 7.91 0.4720 10.00 33974
s b 0 8.80 0.3825 10.00 33984
s b 0 9.81 0.2817 10.00 33994
s b 0 10.85 0.1779 10.00 34004
s b 0 11.71 0.0915 10.00 34014
s b 0 12.61 0.0020 10.00 34024
s b 0 12.61 0.0020 10.00 34034
s b 0 12.61 0.0020 10.00 34044
s b 0 12.61 0.0020 10.00 34054
s b 0 12.61 0.0020 10.00 34064
s b 0 6.92 0.5702 10.00 34074
s b 0 6.92 0.5702 10.00 34084
s b 0 6.92 0.5702 10.00 34094
s b 0 6.92 0.5702 10.00 34104
s b 0 6.92 0.5702 10.00 34114
s b 0 12.41 0.0213 10.00 34124
s b 0 12.41 0.0213 10.00 34134
s b 0 12.41 0.0213 10.00 34144
s b 0 12.41 0.0213 10.00 34154
s b 0 12.41 0.0213 10.00 34164
s b 0 12.41 0.0213 10.00 34174
s b 0 12.13 0.0497 10.00 34184
s b 0 6.65 0.5974 10.00 34194
s b 0 6.65 0.5974 10.00 34204
s b 0 6.65 0.5974 10.00 34214
s b 0 6.65 0.5974 10.00 34224
s b 0 6.65 0.5974 10.00 34234
s b 0 12.74 0.0000 10.00 34244
s b 0 12.74 0.0000 10.00 34254
s b 0 12.74 0.0000 10.00 34264
s b 0 12.74 0.0000 10.00 34274
s b 0 12.74 0.0000 10.00 34284
s b 0 12.74 0.0000 10.00 34294
s b 0 6.84 0.5790 10.00 34304
s b 0 6.84 0.5790 10.00 34314
s b 0 6.84 0.5790 10.00 34324
s b 0 6.84 0.5790 10.00 34334
s b 0 6.84 0.5790 10.00 34344
s b 0 12.59 0.0036 10.00 34354
s b 0 12.59 0.0036 10.00 34364
s b 0 12.59 0.0036 10.00 34374
s b 0 12.59 0.0036 10.00 34384
s b 0 12.59 0.0036 10.00 34394
s b 0 12.59 0.0036 10.00 34404
s b 0 6.89 0.5735 10.00 34414
s b 0 6.89 0.5735 10.00 34424
s b 0 6.89 0.5735 10.00 34434
s b 0 6.89 0.5735 10.00 34444
s b 0 6.89 0.5735 10.00 34454
s b 0 12.59 0.0036 10.00 34464
s b 0 12.59 0.0036 10.00 34474
s b 0 12.59 0.0036 10.00 34484
s b 0 12.59 0.0036 10.00 34494
s b 0 12.59 0.0036 10.00 34504
s b 0 12.59 0.0036 10.00 34514
s b 0 6.89 0.5735 10.00 34524
s b 0 6.89 0.5735 10.00 34534
s b 0 6.89 0.5735 10.00 34544
s b 0 6.89 0.5735 10.00 34554
s b 0 6.89 0.5735 10.00 34564
s b 0 12.56 0.0069 10.00 34574
s b 0 12.56 0.0069 10.00 34584
s b 0 12.56 0.0069 10.00 34594
s b 0 12.56 0.0069 10.00 34604
s b 0 12.56 0.0069 10.00 34614
s b 0 12.56 0.0069 10.00 34624
s b 0 6.92 0.5702 10.00 34634
s b 0 6.92 0.5702 10.00 34644
s b 0 6.92 0.5702 10.00 34654
s b 0 6.92 0.5702 10.00 34664
ack
s b 0 6.92 1.0000 35.00 34674
s b 0 13.48 1.0000 35.00 34684
s b 0 13.48 1.0000 35.00 34694
s b 0 13.48 1.0000 35.00 34704
s b 0 13.48 1.0000 35.00 34714
s b 0 23.63 1.0000 35.00 34724
s b 0 23.63 1.0000 35.00 34734
s b 0 23.63 1.0000 35.00 34744
s b 0 23.63 1.0000 35.00 34754
s b 0 23.63 1.0000 35.00 34764
s b 0 23.63 1.0000 35.00 34774
s b 0 25.58 1.0000 35.00 34784
s b 0 27.63 0.9996 35.00 34794
s b 0 29.07 0.8561 35.00 34804
s b 0 30.58 0.7050 35.00 34814
s b 0 31.62 0.6010 35.00 34824
s b 0 32.62 0.5008 35.00 34834
s b 0 32.62 0.5008 35.00 34844
s b 0 32.62 0.5008 35.00 34854
s b 0 32.62 0.5008 35.00 34864
s b 0 32.62 0.5008 35.00 34874
s b 0 32.62 0.5008 35.00 34884
s b 0 30.82 0.6802 35.00 34894
s b 0 29.30 0.8326 35.00 34904
s b 0 27.76 0.9869 35.00 34914
s b 0 26.63 1.0000 35.00 34924
s b 0 26.63 1.0000 35.00 34934
s b 0 26.63 1.0000 35.00 34944
s b 0 26.63 1.0000 35.00 34954
s b 0 26.63 1.0000 35.00 34964
s b 0 26.63 1.0000 35.00 34974
s b 0 28.44 0.9190 35.00 34984
s b 0 29.88 0.7747 35.00 34994
s b 0 31.11 0.6517 35.00 35004
s b 0 32.32 0.5308 35.00 35014
s b 0 32.32 0.5308 35.00 35024
s b 0 32.32 0.5308 35.00 35034
s b 0 32.32 0.5308 35.00 35044
s b 0 32.32 0.5308 35.00 35054
s b 0 32.32 0.5308 35.00 35064
s b 0 31.62 0.6010 35.00 35074
s b 0 29.98 0.7643 35.00 35084
s b 0 28.54 0.9092 35.00 35094
s b 0 27.63 0.9996 35.00 35104
s b 0 27.63 0.9996 35.00 35114
s b 0 27.63 0.9996 35.00 35124
s b 0 27.63 0.9996 35.00 35134
s b 0 27.63 0.9996 35.00 35144
s b 0 27.63 0.9996 35.00 35154
s b 0 28.21 0.9418 35.00 35164
s b 0 29.44 0.8191 35.00 35174
s b 0 30.90 0.6731 35.00 35184
s b 0 32.06 0.5569 35.00 35194
s b 0 32.10 0.5531 35.00 35204
s b 0 32.10 0.5531 35.00 35214
s b 0 32.10 0.5531 35.00 35224
s b 0 32.10 0.5531 35.00 35234
s b 0 32.10 0.5531 35.00 35244
s b 0 32.10 0.5531 35.00 35254
s b 0 30.61 0.7015 35.00 35264
s b 0 29.23 0.8394 35.00 35274
s b 0 28.18 0.9450 35.00 35284
s b 0 27.57 1.0000 35.00 35294
s b 0 27.57 1.0000 35.00 35304
s b 0 27.57 1.0000 35.00 35314
s b 0 27.57 1.0000 35.00 35324
s b 0 27.57 1.0000 35.00 35334
s b 0 27.57 1.0000 35.00 35344
s b 0 29.07 0.8561 35.00 35354
s b 0 30.47 0.7156 35.00 35364
s b 0 31.69 0.5937 35.00 35374
s b 0 32.51 0.5121 35.00 35384
s b 0 32.51 0.5121 35.00 35394
s b 0 32.51 0.5121 35.00 35404
s b 0 32.51 0.5121 35.00 35414
s b 0 32.51 0.5121 35.00 35424
s b 0 32.51 0.5121 35.00 35434
s b 0 30.82 0.6802 35.00 35444
s b 0 29.40 0.8225 35.00 35454
s b 0 27.95 0.9676 35.00 35464
s b 0 26.85 1.0000 35.00 35474
s b 0 26.85 1.0000 35.00 35484
s b 0 26.85 1.0000 35.00 35494
s b 0 26.85 1.0000 35.00 35504
s b 0 26.85 1.0000 35.00 35514
s b 0 26.85 1.0000 35.00 35524
s b 0 28.37 0.9255 35.00 35534
s b 0 29.85 0.7781 35.00 35544
s b 0 31.04 0.6588 35.00 35554
s b 0 32.32 0.5308 35.00 35564
s b 0 32.32 0.5308 35.00 35574
s b 0 32.32 0.5308 35.00 35584
s b 0 32.32 0.5308 35.00 35594
s b 0 32.32 0.5308 35.00 35604
s b 0 32.32 0.5308 35.00 35614
s b 0 31.87 0.5753 35.00 35624
s b 0 30.33 0.7296 35.00 35634
s b 0 28.93 0.8695 35.00 35644
s b 0 27.73 0.9901 35.00 35654
s b 0 27.60 1.0000 35.00 35664
s b 0 27.60 1.0000 35.00 35674
s b 0 27.60 1.0000 35.00 35684
s b 0 27.60 1.0000 35.00 35694
s b 0 27.60 1.0000 35.00 35704
s b 0 27.60 1.0000 35.00 35714
s b 0 29.00 0.8628 35.00 35724
s b 0 30.90 0.6731 35.00 35734
s b 0 31.58 0.6046 35.00 35744
s b 0 32.69 0.4932 35.00 35754
s b 0 32.69 0.4932 35.00 35764
s b 0 32.69 0.4932 35.00 35774
s b 0 32.69 0.4932 35.00 35784
s b 0 32.69 0.4932 35.00 35794
s b 0 32.69 0.4932 35.00 35804
s b 0 30.82 0.6802 35.00 35814
s b 0 29.27 0.8360 35.00 35824
s b 0 27.79 0.9837 35.00 35834
s b 0 26.51 1.0000 35.00 35844
s b 0 26.51 1.0000 35.00 35854
s b 0 26.51 1.0000 35.00 35864
s b 0 26.51 1.0000 35.00 35874
s b 0 26.51 1.0000 35.00 35884
s b 0 26.51 1.0000 35.00 35894
s b 0 28.40 0.9223 35.00 35904
s b 0 29.74 0.7884 35.00 35914
s b 0 31.00 0.6624 35.00 35924
s b 0 32.21 0.5420 35.00 35934
s b 0 32.21 0.5420 35.00 35944
s b 0 32.21 0.5420 35.00 35954
s b 0 32.21 0.5420 35.00 35964
s b 0 32.21 0.5420 35.00 35974
s b 0 32.21 0.5420 35.00 35984
s b 0 31.69 0.5937 35.00 35994
s b 0 30.33 0.7296 35.00 36004
s b 0 28.93 0.8695 35.00 36014
s b 0 27.92 0.9709 35.00 36024
s b 0 27.85 0.9773 35.00 36034
s b 0 27.85 0.9773 35.00 36044
s b 0 27.85 0.9773 35.00 36054
s b 0 27.85 0.9773 35.00 36064
s b 0 27.85 0.9773 35.00 36074
s b 0 27.85 0.9773 35.00 36084
s b 0 29.17 0.8461 35.00 36094
s b 0 30.37 0.7261 35.00 36104
s b 0 31.47 0.6156 35.00 36114
s b 0 32.39 0.5233 35.00 36124
s b 0 32.39 0.5233 35.00 36134
s b 0 32.39 0.5233 35.00 36144
s b 0 32.39 0.5233 35.00 36154
s b 0 32.39 0.5233 35.00 36164
s b 0 32.39 0.5233 35.00 36174
s b 0 30.90 0.6731 35.00 36184
s b 0 29.47 0.8157 35.00 36194
s b 0 28.27 0.9353 35.00 36204
s b 0 26.94 1.0000 35.00 36214
s b 0 26.94 1.0000 35.00 36224
s b 0 26.94 1.0000 35.00 36234
s b 0 26.94 1.0000 35.00 36244
s b 0 26.94 1.0000 35.00 36254
s b 0 26.94 1.0000 35.00 36264
s b 0 28.31 0.9320 35.00 36274
s b 0 29.85 0.7781 35.00 36284
s b 0 31.22 0.6409 35.00 36294
s b 0 32.24 0.5383 35.00 36304
s b 0 32.24 0.5383 35.00 36314
s b 0 32.24 0.5383 35.00 36324
s b 0 32.24 0.5383 35.00 36334
s b 0 32.24 0.5383 35.00 36344
s b 0 32.24 0.5383 35.00 36354
s b 0 31.73 0.5900 35.00 36364
s b 0 30.05 0.7574 35.00 36374
s b 0 28.83 0.8795 35.00 36384
s b 0 27.79 0.9837 35.00 36394
s b 0 27.79 0.9837 35.00 36404
s b 0 27.79 0.9837 35.00 36414
s b 0 27.79 0.9837 35.00 36424
s b 0 27.79 0.9837 35.00 36434
s b 0 27.79 0.9837 35.00 36444
s b 0 27.89 0.9741 35.00 36454
s b 0 29.30 0.8326 35.00 36464
s b 0 30.54 0.7085 35.00 36474
s b 0 31.80 0.5827 35.00 36484
s b 0 32.36 0.5271 35.00 36494
s b 0 32.36 0.5271 35.00 36504
s b 0 32.36 0.5271 35.00 36514
s b 0 32.36 0.5271 35.00 36524
s b 0 32.36 0.5271 35.00 36534
s b 0 32.36 0.5271 35.00 36544
s b 0 30.61 0.7015 35.00 36554
s b 0 29.27 0.8360 35.00 36564
s b 0 28.01 0.9612 35.00 36574
s b 0 27.16 1.0000 35.00 36584
s b 0 27.16 1.0000 35.00 36594
s b 0 27.16 1.0000 35.00 36604
s b 0 27.16 1.0000 35.00 36614
s b 0 27.16 1.0000 35.00 36624
s b 0 27.16 1.0000 35.00 36634
s b 0 28.83 0.8795 35.00 36644
s b 0 30.19 0.7435 35.00 36654
s b 0 31.33 0.6300 35.00 36664
s b 0 32.36 0.5271 35.00 36674
s b 0 32.36 0.5271 35.00 36684
s b 0 32.36 0.5271 35.00 36694
s b 0 32.36 0.5271 35.00 36704
s b 0 32.36 0.5271 35.00 36714
s b 0 32.36 0.5271 35.00 36724
s b 0 31.29 0.6337 35.00 36734
s b 0 29.74 0.7884 35.00 36744
s b 0 28.54 0.9092 35.00 36754
s b 0 27.35 1.0000 35.00 36764
s b 0 27.35 1.0000 35.00 36774
s b 0 27.35 1.0000 35.00 36784
s b 0 27.35 1.0000 35.00 36794
s b 0 27.35 1.0000 35.00 36804
s b 0 27.35 1.0000 35.00 36814
s b 0 28.21 0.9418 35.00 36824
s b 0 29.54 0.8089 35.00 36834
s b 0 31.04 0.6588 35.00 36844
s b 0 32.10 0.5531 35.00 36854
s b 0 32.10 0.5531 35.00 36864
s b 0 32.10 0.5531 35.00 36874
s b 0 32.10 0.5531 35.00 36884
s b 0 32.10 0.5531 35.00 36894
s b 0 32.10 0.5531 35.00 36904
s b 0 31.91 0.5716 35.00 36914
s b 0 30.47 0.7156 35.00 36924
s b 0 29.20 0.8427 35.00 36934
s b 0 28.11 0.9515 35.00 36944
s b 0 27.79 0.9837 35.00 36954
s b 0 27.79 0.9837 35.00 36964
s b 0 27.79 0.9837 35.00 36974
s b 0 27.79 0.9837 35.00 36984
s b 0 27.79 0.9837 35.00 36994
s b 0 27.79 0.9837 35.00 37004
s b 0 29.10 0.8528 35.00 37014
s b 0 30.30 0.7331 35.00 37024
s b 0 31.73 0.5900 35.00 37034
s b 0 32.43 0.5196 35.00 37044
s b 0 32.43 0.5196 35.00 37054
s b 0 32.43 0.5196 35.00 37064
s b 0 32.43 0.5196 35.00 37074
s b 0 32.43 0.5196 35.00 37084
s b 0 32.43 0.5196 35.00 37094
s b 0 30.86 0.6767 35.00 37104
s b 0 29.23 0.8394 35.00 37114
s b 0 28.14 0.9483 35.00 37124
s b 0 26.94 1.0000 35.00 37134
s b 0 26.94 1.0000 35.00 37144
s b 0 26.94 1.0000 35.00 37154
s b 0 26.94 1.0000 35.00 37164
s b 0 26.94 1.0000 35.00 37174
s b 0 26.94 1.0000 35.00 37184
s b 0 28.47 0.9157 35.00 37194
s b 0 29.91 0.7712 35.00 37204
s b 0 31.29 0.6337 35.00 37214
s b 0 32.47 0.5158 35.00 37224
s b 0 32.47 0.5158 35.00 37234
s b 0 32.47 0.5158 35.00 37244
s b 0 32.47 0.5158 35.00 37254
s b 0 32.47 0.5158 35.00 37264
s b 0 32.47 0.5158 35.00 37274
s b 0 31.76 0.5863 35.00 37284
s b 0 29.88 0.7747 35.00 37294
s b 0 28.47 0.9157 35.00 37304
s b 0 27.19 1.0000 35.00 37314
s b 0 27.19 1.0000 35.00 37324
s b 0 27.19 1.0000 35.00 37334
s b 0 27.19 1.0000 35.00 37344
s b 0 27.19 1.0000 35.00 37354
s b 0 27.19 1.0000 35.00 37364
s b 0 27.73 0.9901 35.00 37374
s b 0 29.27 0.8360 35.00 37384
s b 0 30.68 0.6944 35.00 37394
s b 0 31.80 0.5827 35.00 37404
s b 0 32.47 0.5158 35.00 37414
s b 0 32.47 0.5158 35.00 37424
s b 0 32.47 0.5158 35.00 37434
s b 0 32.47 0.5158 35.00 37444
s b 0 32.47 0.5158 35.00 37454
s b 0 32.47 0.5158 35.00 37464
s b 0 30.97 0.6660 35.00 37474
s b 0 29.20 0.8427 35.00 37484
s b 0 28.11 0.9515 35.00 37494
s b 0 26.97 1.0000 35.00 37504
s b 0 26.97 1.0000 35.00 37514
s b 0 26.97 1.0000 35.00 37524
s b 0 26.97 1.0000 35.00 37534
s b 0 26.97 1.0000 35.00 37544
s b 0 26.97 1.0000 35.00 37554
s b 0 28.24 0.9386 35.00 37564
s b 0 29.81 0.7816 35.00 37574
s b 0 31.04 0.6588 35.00 37584
s b 0 32.21 0.5420 35.00 37594
s b 0 32.21 0.5420 35.00 37604
s b 0 32.21 0.5420 35.00 37614
s b 0 32.21 0.5420 35.00 37624
s b 0 32.21 0.5420 35.00 37634
s b 0 32.21 0.5420 35.00 37644
s b 0 31.91 0.5716 35.00 37654
s b 0 30.37 0.7261 35.00 37664
s b 0 28.97 0.8661 35.00 37674
s b 0 27.79 0.9837 35.00 37684
s b 0 27.66 0.9964 35.00 37694
s b 0 27.66 0.9964 35.00 37704
s b 0 27.66 0.9964 35.00 37714
s b 0 27.66 0.9964 35.00 37724
s b 0 27.66 0.9964 35.00 37734
s b 0 27.66 0.9964 35.00 37744
s b 0 29.20 0.8427 35.00 37754
s b 0 30.54 0.7085 35.00 37764
s b 0 31.73 0.5900 35.00 37774
s b 0 32.47 0.5158 35.00 37784
s b 0 32.47 0.5158 35.00 37794
s b 0 32.47 0.5158 35.00 37804
s b 0 32.47 0.5158 35.00 37814
s b 0 32.47 0.5158 35.00 37824
s b 0 32.47 0.5158 35.00 37834
s b 0 30.97 0.6660 35.00 37844
s b 0 29.27 0.8360 35.00 37854
s b 0 27.95 0.9676 35.00 37864
s b 0 26.79 1.0000 35.00 37874
s b 0 26.79 1.0000 35.00 37884
s b 0 26.79 1.0000 35.00 37894
s b 0 26.79 1.0000 35.00 37904
s b 0 26.79 1.0000 35.00 37914
s b 0 26.79 1.0000 35.00 37924
s b 0 28.27 0.9353 35.00 37934
s b 0 29.91 0.7712 35.00 37944
s b 0 31.18 0.6445 35.00 37954
s b 0 32.32 0.5308 35.00 37964
s b 0 32.32 0.5308 35.00 37974
s b 0 32.32 0.5308 35.00 37984
s b 0 32.32 0.5308 35.00 37994
s b 0 32.32 0.5308 35.00 38004
s b 0 32.32 0.5308 35.00 38014
s b 0 31.69 0.5937 35.00 38024
s b 0 30.02 0.7609 35.00 38034
s b 0 28.67 0.8960 35.00 38044
s b 0 27.60 1.0000 35.00 38054
s b 0 27.60 1.0000 35.00 38064
s b 0 27.60 1.0000 35.00 38074
s b 0 27.60 1.0000 35.00 38084
s b 0 27.60 1.0000 35.00 38094
s b 0 27.60 1.0000 35.00 38104
s b 0 27.85 0.9773 35.00 38114
s b 0 29.47 0.8157 35.00 38124
s b 0 30.72 0.6909 35.00 38134
s b 0 31.98 0.5643 35.00 38144
s b 0 32.21 0.5420 35.00 38154
s b 0 32.21 0.5420 35.00 38164
s b 0 32.21 0.5420 35.00 38174
s b 0 32.21 0.5420 35.00 38184
s b 0 32.21 0.5420 35.00 38194
s b 0 32.21 0.5420 35.00 38204
s b 0 30.65 0.6980 35.00 38214
s b 0 29.37 0.8259 35.00 38224
s b 0 28.27 0.9353 35.00 38234
s b 0 27.13 1.0000 35.00 38244
s b 0 27.13 1.0000 35.00 38254
s b 0 27.13 1.0000 35.00 38264
s b 0 27.13 1.0000 35.00 38274
s b 0 27.13 1.0000 35.00 38284
s b 0 27.13 1.0000 35.00 38294
s b 0 28.80 0.8828 35.00 38304
s b 0 30.12 0.7505 35.00 38314
s b 0 31.43 0.6192 35.00 38324
s b 0 32.47 0.5158 35.00 38334
s b 0 32.47 0.5158 35.00 38344
s b 0 32.47 0.5158 35.00 38354
s b 0 32.47 0.5158 35.00 38364
s b 0 32.47 0.5158 35.00 38374
s b 0 32.47 0.5158 35.00 38384
s b 0 31.29 0.6337 35.00 38394
s b 0 29.54 0.8089 35.00 38404
s b 0 28.24 0.9386 35.00 38414
s b 0 27.00 1.0000 35.00 38424
s b 0 27.00 1.0000 35.00 38434
s b 0 27.00 1.0000 35.00 38444
s b 0 27.00 1.0000 35.00 38454
s b 0 27.00 1.0000 35.00 38464
s b 0 27.00 1.0000 35.00 38474
s b 0 28.05 0.9580 35.00 38484
s b 0 29.54 0.8089 35.00 38494
s b 0 30.72 0.6909 35.00 38504
s b 0 32.10 0.5531 35.00 38514
s b 0 32.13 0.5494 35.00 38524
s b 0 32.13 0.5494 35.00 38534
s b 0 32.13 0.5494 35.00 38544
s b 0 32.13 0.5494 35.00 38554
s b 0 32.13 0.5494 35.00 38564
s b 0 32.13 0.5494 35.00 38574
s b 0 30.58 0.7050 35.00 38584
s b 0 29.30 0.8326 35.00 38594
s b 0 28.11 0.9515 35.00 38604
s b 0 27.50 1.0000 35.00 38614
s b 0 27.50 1.0000 35.00 38624
s b 0 27.50 1.0000 35.00 38634
s b 0 27.50 1.0000 35.00 38644
s b 0 27.50 1.0000 35.00 38654
s b 0 27.50 1.0000 35.00 38664
s b 0 28.80 0.8828 35.00 38674
s b 0 30.19 0.7435 35.00 38684
s b 0 31.51 0.6119 35.00 38694
s b 0 32.58 0.5045 35.00 38704
s b 0 32.58 0.5045 35.00 38714
s b 0 32.58 0.5045 35.00 38724
s b 0 32.58 0.5045 35.00 38734
s b 0 32.58 0.5045 35.00 38744
s b 0 32.58 0.5045 35.00 38754
s b 0 31.18 0.6445 35.00 38764
s b 0 29.50 0.8123 35.00 38774
s b 0 28.01 0.9612 35.00 38784
s b 0 26.75 1.0000 35.00 38794
s b 0 26.75 1.0000 35.00 38804
s b 0 26.75 1.0000 35.00 38814
s b 0 26.75 1.0000 35.00 38824
s b 0 26.75 1.0000 35.00 38834
s b 0 26.75 1.0000 35.00 38844
s b 0 28.14 0.9483 35.00 38854
s b 0 29.61 0.8021 35.00 38864
s b 0 31.00 0.6624 35.00 38874
s b 0 32.17 0.5457 35.00 38884
s b 0 32.17 0.5457 35.00 38894
s b 0 32.17 0.5457 35.00 38904
s b 0 32.17 0.5457 35.00 38914
s b 0 32.17 0.5457 35.00 38924
s b 0 32.17 0.5457 35.00 38934
s b 0 31.76 0.5863 35.00 38944
s b 0 30.26 0.7366 35.00 38954
s b 0 28.93 0.8695 35.00 38964
s b 0 27.92 0.9709 35.00 38974
s b 0 27.66 0.9964 35.00 38984
s b 0 27.66 0.9964 35.00 38994
s b 0 27.66 0.9964 35.00 39004
s b 0 27.66 0.9964 35.00 39014
s b 0 27.66 0.9964 35.00 39024
s b 0 27.66 0.9964 35.00 39034
s b 0 29.07 0.8561 35.00 39044
s b 0 30.51 0.7121 35.00 39054
s b 0 31.76 0.5863 35.00 39064
s b 0 32.62 0.5008 35.00 39074
s b 0 32.62 0.5008 35.00 39084
s b 0 32.62 0.5008 35.00 39094
s b 0 32.62 0.5008 35.00 39104
s b 0 32.62 0.5008 35.00 39114
s b 0 32.62 0.5008 35.00 39124
s b 0 30.82 0.6802 35.00 39134
s b 0 29.17 0.8461 35.00 39144
s b 0 27.73 0.9901 35.00 39154
s b 0 26.75 1.0000 35.00 39164
s b 0 26.75 1.0000 35.00 39174
s b 0 26.75 1.0000 35.00 39184
s b 0 26.75 1.0000 35.00 39194
s b 0 26.75 1.0000 35.00 39204
s b 0 26.75 1.0000 35.00 39214
s b 0 28.40 0.9223 35.00 39224
s b 0 29.71 0.7918 35.00 39234
s b 0 31.25 0.6373 35.00 39244
s b 0 32.10 0.5531 35.00 39254
s b 0 32.10 0.5531 35.00 39264
s b 0 32.10 0.5531 35.00 39274
s b 0 32.10 0.5531 35.00 39284
s b 0 32.10 0.5531 35.00 39294
s b 0 32.10 0.5531 35.00 39304
s b 0 31.80 0.5827 35.00 39314
s b 0 30.40 0.7226 35.00 39324
s b 0 28.90 0.8728 35.00 39334
s b 0 28.01 0.9612 35.00 39344
s b 0 27.82 0.9805 35.00 39354
s b 0 27.82 0.9805 35.00 39364
s b 0 27.82 0.9805 35.00 39374
s b 0 27.82 0.9805 35.00 39384
s b 0 27.82 0.9805 35.00 39394
s b 0 27.82 0.9805 35.00 39404
s b 0 29.17 0.8461 35.00 39414
s b 0 30.33 0.7296 35.00 39424
s b 0 31.54 0.6083 35.00 39434
s b 0 32.39 0.5233 35.00 39444
s b 0 32.39 0.5233 35.00 39454
s b 0 32.39 0.5233 35.00 39464
s b 0 32.39 0.5233 35.00 39474
s b 0 32.39 0.5233 35.00 39484
s b 0 32.39 0.5233 35.00 39494
s b 0 30.86 0.6767 35.00 39504
s b 0 29.50 0.8123 35.00 39514
s b 0 28.05 0.9580 35.00 39524
s b 0 26.88 1.0000 35.00 39534
s b 0 26.88 1.0000 35.00 39544
s b 0 26.88 1.0000 35.00 39554
s b 0 26.88 1.0000 35.00 39564
s b 0 26.88 1.0000 35.00 39574
s b 0 26.88 1.0000 35.00 39584
s b 0 28.37 0.9255 35.00 39594
s b 0 29.74 0.7884 35.00 39604
s b 0 31.22 0.6409 35.00 39614
s b 0 32.13 0.5494 35.00 39624
s b 0 32.13 0.5494 35.00 39634
s b 0 32.13 0.5494 35.00 39644
s b 0 32.13 0.5494 35.00 39654
s b 0 32.13 0.5494 35.00 39664
s b 0 32.13 0.5494 35.00 39674
s b 0 31.54 0.6083 35.00 39684
s b 0 30.09 0.7540 35.00 39694
s b 0 28.93 0.8695 35.00 39704
s b 0 27.89 0.9741 35.00 39714
s b 0 27.89 0.9741 35.00 39724
s b 0 27.89 0.9741 35.00 39734
s b 0 27.89 0.9741 35.00 39744
s b 0 27.89 0.9741 35.00 39754
s b 0 27.89 0.9741 35.00 39764
s b 0 28.05 0.9580 35.00 39774
s b 0 29.27 0.8360 35.00 39784
s b 0 30.65 0.6980 35.00 39794
s b 0 31.58 0.6046 35.00 39804
s b 0 32.13 0.5494 35.00 39814
s b 0 32.13 0.5494 35.00 39824
s b 0 32.13 0.5494 35.00 39834
s b 0 32.13 0.5494 35.00 39844
s b 0 32.13 0.5494 35.00 39854
s b 0 32.13 0.5494 35.00 39864
s b 0 30.72 0.6909 35.00 39874
s b 0 29.54 0.8089 35.00 39884
s b 0 28.14 0.9483 35.00 39894
s b 0 27.16 1.0000 35.00 39904
s b 0 27.16 1.0000 35.00 39914
s b 0 27.16 1.0000 35.00 39924
s b 0 27.16 1.0000 35.00 39934
s b 0 27.16 1.0000 35.00 39944
s b 0 27.16 1.0000 35.00 39954
s b 0 28.73 0.8894 35.00 39964
s b 0 30.09 0.7540 35.00 39974
s b 0 31.29 0.6337 35.00 39984
s b 0 32.51 0.5121 35.00 39994
s b 0 32.51 0.5121 35.00 40004
s b 0 32.51 0.5121 35.00 40014
s b 0 32.51 0.5121 35.00 40024
s b 0 32.51 0.5121 35.00 40034
s b 0 32.51 0.5121 35.00 40044
s b 0 31.33 0.6300 35.00 40054
s b 0 29.74 0.7884 35.00 40064
s b 0 28.31 0.9320 35.00 40074
s b 0 26.97 1.0000 35.00 40084
s b 0 26.97 1.0000 35.00 40094
s b 0 26.97 1.0000 35.00 40104
s b 0 26.97 1.0000 35.00 40114
s b 0 26.97 1.0000 35.00 40124
s b 0 26.97 1.0000 35.00 40134
s b 0 27.92 0.9709 35.00 40144
s b 0 29.50 0.8123 35.00 40154
s b 0 30.65 0.6980 35.00 40164
s b 0 31.98 0.5643 35.00 40174
s b 0 32.21 0.5420 35.00 40184
s b 0 32.21 0.5420 35.00 40194
s b 0 32.21 0.5420 35.00 40204
s b 0 32.21 0.5420 35.00 40214
s b 0 32.21 0.5420 35.00 40224
s b 0 32.21 0.5420 35.00 40234
s b 0 30.72 0.6909 35.00 40244
s b 0 29.23 0.8394 35.00 40254
s b 0 28.18 0.9450 35.00 40264
s b 0 27.35 1.0000 35.00 40274
s b 0 27.35 1.0000 35.00 40284
s b 0 27.35 1.0000 35.00 40294
s b 0 27.35 1.0000 35.00 40304
s b 0 27.35 1.0000 35.00 40314
s b 0 27.35 1.0000 35.00 40324
s b 0 28.70 0.8927 35.00 40334
s b 0 30.12 0.7505 35.00 40344
s b 0 31.43 0.6192 35.00 40354
s b 0 32.47 0.5158 35.00 40364
s b 0 32.47 0.5158 35.00 40374
s b 0 32.47 0.5158 35.00 40384
s b 0 32.47 0.5158 35.00 40394
s b 0 32.47 0.5158 35.00 40404
s b 0 32.47 0.5158 35.00 40414
s b 0 31.33 0.6300 35.00 40424
s b 0 29.54 0.8089 35.00 40434
s b 0 28.24 0.9386 35.00 40444
s b 0 26.91 1.0000 35.00 40454
s b 0 26.91 1.0000 35.00 40464
s b 0 26.91 1.0000 35.00 40474
s b 0 26.91 1.0000 35.00 40484
s b 0 26.91 1.0000 35.00 40494
s b 0 26.91 1.0000 35.00 40504
s b 0 28.14 0.9483 35.00 40514
s b 0 29.57 0.8055 35.00 40524
s b 0 30.93 0.6696 35.00 40534
s b 0 31.91 0.5716 35.00 40544
s b 0 32.17 0.5457 35.00 40554
s b 0 32.17 0.5457 35.00 40564
s b 0 32.17 0.5457 35.00 40574
s b 0 32.17 0.5457 35.00 40584
s b 0 32.17 0.5457 35.00 40594
s b 0 32.17 0.5457 35.00 40604
s b 0 30.47 0.7156 35.00 40614
s b 0 29.17 0.8461 35.00 40624
s b 0 27.98 0.9644 35.00 40634
s b 0 27.47 1.0000 35.00 40644
s b 0 27.47 1.0000 35.00 40654
s b 0 27.47 1.0000 35.00 40664
s b 0 27.47 1.0000 35.00 40674
s b 0 27.47 1.0000 35.00 40684
s b 0 27.47 1.0000 35.00 40694
s b 0 28.83 0.8795 35.00 40704
s b 0 30.26 0.7366 35.00 40714
s b 0 31.40 0.6228 35.00 40724
s b 0 32.69 0.4932 35.00 40734
s b 0 32.69 0.4932 35.00 40744
s b 0 32.69 0.4932 35.00 40754
s b 0 32.69 0.4932 35.00 40764
s b 0 32.69 0.4932 35.00 40774
s b 0 32.69 0.4932 35.00 40784
s b 0 31.15 0.6481 35.00 40794
s b 0 29.61 0.8021 35.00 40804
s b 0 27.95 0.9676 35.00 40814
s b 0 26.69 1.0000 35.00 40824
s b 0 26.69 1.0000 35.00 40834
s b 0 26.69 1.0000 35.00 40844
s b 0 26.69 1.0000 35.00 40854
s b 0 26.69 1.0000 35.00 40864
s b 0 26.69 1.0000 35.00 40874
s b 0 27.73 0.9901 35.00 40884
s b 0 29.27 0.8360 35.00 40894
s b 0 30.61 0.7015 35.00 40904
s b 0 31.95 0.5679 35.00 40914
s b 0 32.36 0.5271 35.00 40924
s b 0 32.36 0.5271 35.00 40934
s b 0 32.36 0.5271 35.00 40944
s b 0 32.36 0.5271 35.00 40954
s b 0 32.36 0.5271 35.00 40964
s b 0 32.36 0.5271 35.00 40974
s b 0 30.82 0.6802 35.00 40984
s b 0 29.37 0.8259 35.00 40994
s b 0 27.98 0.9644 35.00 41004
s b 0 26.91 1.0000 35.00 41014
s b 0 26.91 1.0000 35.00 41024
s b 0 26.91 1.0000 35.00 41034
s b 0 26.91 1.0000 35.00 41044
s b 0 26.91 1.0000 35.00 41054
s b 0 26.91 1.0000 35.00 41064
s b 0 28.57 0.9059 35.00 41074
s b 0 29.88 0.7747 35.00 41084
s b 0 31.18 0.6445 35.00 41094
s b 0 32.17 0.5457 35.00 41104
s b 0 32.17 0.5457 35.00 41114
s b 0 32.17 0.5457 35.00 41124
s b 0 32.17 0.5457 35.00 41134
s b 0 32.17 0.5457 35.00 41144
s b 0 32.17 0.5457 35.00 41154
s b 0 31.76 0.5863 35.00 41164
s b 0 30.09 0.7540 35.00 41174
s b 0 28.70 0.8927 35.00 41184
s b 0 27.89 0.9741 35.00 41194
s b 0 27.76 0.9869 35.00 41204
s b 0 27.76 0.9869 35.00 41214
s b 0 27.76 0.9869 35.00 41224
s b 0 27.76 0.9869 35.00 41234
s b 0 27.76 0.9869 35.00 41244
s b 0 27.76 0.9869 35.00 41254
s b 0 29.27 0.8360 35.00 41264
s b 0 30.44 0.7191 35.00 41274
s b 0 31.47 0.6156 35.00 41284
s b 0 32.54 0.5083 35.00 41294
s b 0 32.54 0.5083 35.00 41304
s b 0 32.54 0.5083 35.00 41314
s b 0 32.54 0.5083 35.00 41324
s b 0 32.54 0.5083 35.00 41334
s b 0 32.54 0.5083 35.00 41344
s b 0 30.75 0.6873 35.00 41354
s b 0 29.33 0.8292 35.00 41364
s b 0 27.89 0.9741 35.00 41374
s b 0 26.72 1.0000 35.00 41384
s b 0 26.72 1.0000 35.00 41394
s b 0 26.72 1.0000 35.00 41404
s b 0 26.72 1.0000 35.00 41414
s b 0 26.72 1.0000 35.00 41424
s b 0 26.72 1.0000 35.00 41434
s b 0 28.21 0.9418 35.00 41444
s b 0 29.81 0.7816 35.00 41454
s b 0 31.11 0.6517 35.00 41464
s b 0 32.17 0.5457 35.00 41474
s b 0 32.17 0.5457 35.00 41484
s b 0 32.17 0.5457 35.00 41494
s b 0 32.17 0.5457 35.00 41504
s b 0 32.17 0.5457 35.00 41514
s b 0 32.17 0.5457 35.00 41524
s b 0 31.69 0.5937 35.00 41534
s b 0 30.30 0.7331 35.00 41544
s b 0 29.03 0.8595 35.00 41554
s b 0 27.76 0.9869 35.00 41564
s b 0 27.76 0.9869 35.00 41574
s b 0 27.76 0.9869 35.00 41584
s b 0 27.76 0.9869 35.00 41594
s b 0 27.76 0.9869 35.00 41604
s b 0 27.76 0.9869 35.00 41614
s b 0 27.76 0.9869 35.00 41624
s b 0 29.03 0.8595 35.00 41634
s b 0 30.44 0.7191 35.00 41644
s b 0 31.76 0.5863 35.00 41654
s b 0 32.32 0.5308 35.00 41664
s b 0 32.32 0.5308 35.00 41674
s b 0 32.32 0.5308 35.00 41684
s b 0 32.32 0.5308 35.00 41694
s b 0 32.32 0.5308 35.00 41704
s b 0 32.32 0.5308 35.00 41714
s b 0 30.90 0.6731 35.00 41724
s b 0 29.44 0.8191 35.00 41734
s b 0 28.11 0.9515 35.00 41744
s b 0 26.94 1.0000 35.00 41754
s b 0 26.94 1.0000 35.00 41764
s b 0 26.94 1.0000 35.00 41774
s b 0 26.94 1.0000 35.00 41784
s b 0 26.94 1.0000 35.00 41794
ack
s b 0 26.94 0.0000 10.00 41804
s b 0 28.40 0.0000 10.00 41814
s b 0 28.40 0.0000 10.00 41824
s b 0 28.40 0.0000 10.00 41834
s b 0 28.40 0.0000 10.00 41844
s b 0 15.54 0.0000 10.00 41854
s b 0 15.54 0.0000 10.00 41864
s b 0 15.54 0.0000 10.00 41874
s b 0 15.54 0.0000 10.00 41884
s b 0 8.76 0.3863 10.00 41894
s b 0 8.76 0.3863 10.00 41904
s b 0 8.76 0.3863 10.00 41914
s b 0 8.76 0.3863 10.00 41924
s b 0 8.76 0.3863 10.00 41934
s b 0 8.76 0.3863 10.00 41944
s b 0 8.76 0.3863 10.00 41954
s b 0 9.01 0.3621 10.00 41964
s b 0 9.65 0.2978 10.00 41974
s b 0 10.22 0.2404 10.00 41984
s b 0 10.88 0.1750 10.00 41994
s b 0 11.47 0.1158 10.00 42004
s b 0 11.57 0.1052 10.00 42014
s b 0 11.57 0.1052 10.00 42024
s b 0 11.57 0.1052 10.00 42034
s b 0 11.57 0.1052 10.00 42044
s b 0 11.57 0.1052 10.00 42054
s b 0 11.57 0.1052 10.00 42064
s b 0 10.82 0.1808 10.00 42074
s b 0 10.15 0.2474 10.00 42084
s b 0 9.53 0.3099 10.00 42094
s b 0 9.01 0.3621 10.00 42104
s b 0 8.78 0.3851 10.00 42114
s b 0 8.78 0.3851 10.00 42124
s b 0 8.78 0.3851 10.00 42134
s b 0 8.78 0.3851 10.00 42144
s b 0 8.78 0.3851 10.00 42154
s b 0 8.78 0.3851 10.00 42164
s b 0 9.42 0.3205 10.00 42174
s b 0 10.08 0.2543 10.00 42184
s b 0 10.72 0.1909 10.00 42194
s b 0 11.35 0.1278 10.00 42204
s b 0 11.68 0.0946 10.00 42214
s b 0 11.68 0.0946 10.00 42224
s b 0 11.68 0.0946 10.00 42234
s b 0 11.68 0.0946 10.00 42244
s b 0 11.68 0.0946 10.00 42254
s b 0 11.68 0.0946 10.00 42264
s b 0 10.85 0.1779 10.00 42274
s b 0 10.11 0.2515 10.00 42284
s b 0 9.49 0.3139 10.00 42294
s b 0 8.84 0.3787 10.00 42304
s b 0 8.69 0.3939 10.00 42314
s b 0 8.69 0.3939 10.00 42324
s b 0 8.69 0.3939 10.00 42334
s b 0 8.69 0.3939 10.00 42344
s b 0 8.69 0.3939 10.00 42354
s b 0 8.69 0.3939 10.00 42364
s b 0 9.30 0.3323 10.00 42374
s b 0 10.08 0.2543 10.00 42384
s b 0 10.69 0.1938 10.00 42394
s b 0 11.32 0.1308 10.00 42404
s b 0 11.60 0.1022 10.00 42414
s b 0 11.60 0.1022 10.00 42424
s b 0 11.60 0.1022 10.00 42434
s b 0 11.60 0.1022 10.00 42444
s b 0 11.60 0.1022 10.00 42454
s b 0 11.60 0.1022 10.00 42464
s b 0 10.92 0.1706 10.00 42474
s b 0 10.24 0.2390 10.00 42484
s b 0 9.59 0.3032 10.00 42494
s b 0 8.99 0.3634 10.00 42504
s b 0 8.64 0.3989 10.00 42514
s b 0 8.64 0.3989 10.00 42524
s b 0 8.64 0.3989 10.00 42534
s b 0 8.64 0.3989 10.00 42544
s b 0 8.64 0.3989 10.00 42554
s b 0 8.64 0.3989 10.00 42564
s b 0 9.33 0.3297 10.00 42574
s b 0 10.00 0.2626 10.00 42584
s b 0 10.66 0.1966 10.00 42594
s b 0 11.33 0.1293 10.00 42604
s b 0 11.80 0.0823 10.00 42614
s b 0 11.80 0.0823 10.00 42624
s b 0 11.80 0.0823 10.00 42634
s b 0 11.80 0.0823 10.00 42644
s b 0 11.80 0.0823 10.00 42654
s b 0 11.80 0.0823 10.00 42664
s b 0 11.05 0.1575 10.00 42674
s b 0 10.24 0.2390 10.00 42684
s b 0 9.45 0.3178 10.00 42694
s b 0 8.81 0.3813 10.00 42704
s b 0 8.29 0.4335 10.00 42714
s b 0 8.29 0.4335 10.00 42724
s b 0 8.29 0.4335 10.00 42734
s b 0 8.29 0.4335 10.00 42744
s b 0 8.29 0.4335 10.00 42754
s b 0 8.29 0.4335 10.00 42764
s b 0 9.16 0.3467 10.00 42774
s b 0 9.97 0.2653 10.00 42784
s b 0 10.73 0.1895 10.00 42794
s b 0 11.56 0.1068 10.00 42804
s b 0 12.15 0.0482 10.00 42814
s b 0 12.15 0.0482 10.00 42824
s b 0 12.15 0.0482 10.00 42834
s b 0 12.15 0.0482 10.00 42844
s b 0 12.15 0.0482 10.00 42854
s b 0 12.15 0.0482 10.00 42864
s b 0 11.21 0.1412 10.00 42874
s b 0 10.15 0.2474 10.00 42884
s b 0 9.21 0.3415 10.00 42894
s b 0 8.39 0.4237 10.00 42904
s b 0 7.87 0.4755 10.00 42914
s b 0 7.87 0.4755 10.00 42924
s b 0 7.87 0.4755 10.00 42934
s b 0 7.87 0.4755 10.00 42944
s b 0 7.87 0.4755 10.00 42954
s b 0 7.87 0.4755 10.00 42964
s b 0 8.81 0.3813 10.00 42974
s b 0 9.85 0.2776 10.00 42984
s b 0 10.82 0.1808 10.00 42994
s b 0 11.77 0.0854 10.00 43004
s b 0 12.56 0.0069 10.00 43014
s b 0 12.56 0.0069 10.00 43024
s b 0 12.56 0.0069 10.00 43034
s b 0 12.56 0.0069 10.00 43044
s b 0 12.56 0.0069 10.00 43054
s b 0 6.99 0.5636 10.00 43064
s b 0 6.99 0.5636 10.00 43074
s b 0 6.99 0.5636 10.00 43084
s b 0 6.99 0.5636 10.00 43094
s b 0 6.99 0.5636 10.00 43104
s b 0 12.32 0.0308 10.00 43114
s b 0 12.32 0.0308 10.00 43124
s b 0 12.32 0.0308 10.00 43134
s b 0 12.32 0.0308 10.00 43144
s b 0 12.32 0.0308 10.00 43154
s b 0 12.32 0.0308 10.00 43164
s b 0 12.13 0.0497 10.00 43174
s b 0 6.79 0.5833 10.00 43184
s b 0 6.79 0.5833 10.00 43194
s b 0 6.79 0.5833 10.00 43204
s b 0 6.79 0.5833 10.00 43214
s b 0 6.79 0.5833 10.00 43224
s b 0 12.64 0.0000 10.00 43234
s b 0 12.64 0.0000 10.00 43244
s b 0 12.64 0.0000 10.00 43254
s b 0 12.64 0.0000 10.00 43264
s b 0 12.64 0.0000 10.00 43274
s b 0 12.64 0.0000 10.00 43284
s b 0 6.76 0.5866 10.00 43294
s b 0 6.76 0.5866 10.00 43304
s b 0 6.76 0.5866 10.00 43314
s b 0 6.76 0.5866 10.00 43324
s b 0 6.76 0.5866 10.00 43334
s b 0 12.57 0.0052 10.00 43344
s b 0 12.57 0.0052 10.00 43354
s b 0 12.57 0.0052 10.00 43364
s b 0 12.57 0.0052 10.00 43374
s b 0 12.57 0.0052 10.00 43384
s b 0 12.57 0.0052 10.00 43394
s b 0 6.99 0.5636 10.00 43404
s b 0 6.99 0.5636 10.00 43414
s b 0 6.99 0.5636 10.00 43424
s b 0 6.99 0.5636 10.00 43434
s b 0 6.99 0.5636 10.00 43444
s b 0 12.35 0.0276 10.00 43454
s b 0 12.35 0.0276 10.00 43464
s b 0 12.35 0.0276 10.00 43474
s b 0 12.35 0.0276 10.00 43484
s b 0 12.35 0.0276 10.00 43494
s b 0 12.35 0.0276 10.00 43504
s b 0 12.11 0.0513 10.00 43514
s b 0 6.75 0.5877 10.00 43524
s b 0 6.75 0.5877 10.00 43534
s b 0 6.75 0.5877 10.00 43544
s b 0 6.75 0.5877 10.00 43554
s b 0 6.75 0.5877 10.00 43564
s b 0 12.74 0.0000 10.00 43574
s b 0 12.74 0.0000 10.00 43584
s b 0 12.74 0.0000 10.00 43594
s b 0 12.74 0.0000 10.00 43604
s b 0 12.74 0.0000 10.00 43614
s b 0 12.74 0.0000 10.00 43624
s b 0 6.80 0.5822 10.00 43634
s b 0 6.80 0.5822 10.00 43644
s b 0 6.80 0.5822 10.00 43654
s b 0 6.80 0.5822 10.00 43664
s b 0 6.80 0.5822 10.00 43674
s b 0 12.56 0.0069 10.00 43684
s b 0 12.56 0.0069 10.00 43694
s b 0 12.56 0.0069 10.00 43704
s b 0 12.56 0.0069 10.00 43714
s b 0 12.56 0.0069 10.00 43724
s b 0 12.56 0.0069 10.00 43734
s b 0 6.97 0.5658 10.00 43744
s b 0 6.97 0.5658 10.00 43754
s b 0 6.97 0.5658 10.00 43764
s b 0 6.97 0.5658 10.00 43774
s b 0 6.97 0.5658 10.00 43784
s b 0 12.45 0.0181 10.00 43794
s b 0 12.45 0.0181 10.00 43804
s b 0 12.45 0.0181 10.00 43814
s b 0 12.45 0.0181 10.00 43824
s b 0 12.45 0.0181 10.00 43834
s b 0 12.45 0.0181 10.00 43844
s b 0 12.10 0.0529 10.00 43854
s b 0 6.54 0.6091 10.00 43864
s b 0 6.54 0.6091 10.00 43874
s b 0 6.54 0.6091 10.00 43884
s b 0 6.54 0.6091 10.00 43894
s b 0 6.54 0.6091 10.00 43904
s b 0 12.92 0.0000 10.00 43914
s b 0 12.92 0.0000 10.00 43924
s b 0 12.92 0.0000 10.00 43934
s b 0 12.92 0.0000 10.00 43944
s b 0 12.92 0.0000 10.00 43954
s b 0 12.92 0.0000 10.00 43964
s b 0 6.86 0.5768 10.00 43974
s b 0 6.86 0.5768 10.00 43984
s b 0 6.86 0.5768 10.00 43994
s b 0 6.86 0.5768 10.00 44004
s b 0 6.86 0.5768 10.00 44014
s b 0 12.59 0.0036 10.00 44024
s b 0 12.59 0.0036 10.00 44034
s b 0 12.59 0.0036 10.00 44044
s b 0 12.59 0.0036 10.00 44054
s b 0 12.59 0.0036 10.00 44064
s b 0 12.59 0.0036 10.00 44074
s b 0 6.80 0.5822 10.00 44084
s b 0 6.80 0.5822 10.00 44094
s b 0 6.80 0.5822 10.00 44104
s b 0 6.80 0.5822 10.00 44114
s b 0 6.80 0.5822 10.00 44124
s b 0 12.65 0.0000 10.00 44134
s b 0 12.65 0.0000 10.00 44144
s b 0 12.65 0.0000 10.00 44154
s b 0 12.65 0.0000 10.00 44164
s b 0 12.65 0.0000 10.00 44174
s b 0 12.65 0.0000 10.00 44184
s b 0 6.78 0.5844 10.00 44194
s b 0 6.78 0.5844 10.00 44204
s b 0 6.78 0.5844 10.00 44214
s b 0 6.78 0.5844 10.00 44224
s b 0 6.78 0.5844 10.00 44234
s b 0 12.69 0.0000 10.00 44244
s b 0 12.69 0.0000 10.00 44254
s b 0 12.69 0.0000 10.00 44264
s b 0 12.69 0.0000 10.00 44274
s b 0 12.69 0.0000 10.00 44284
s b 0 12.69 0.0000 10.00 44294
s b 0 6.70 0.5931 10.00 44304
s b 0 6.70 0.5931 10.00 44314
s b 0 6.70 0.5931 10.00 44324
s b 0 6.70 0.5931 10.00 44334
s b 0 6.70 0.5931 10.00 44344
s b 0 12.59 0.0036 10.00 44354
s b 0 12.59 0.0036 10.00 44364
s b 0 12.59 0.0036 10.00 44374
s b 0 12.59 0.0036 10.00 44384
s b 0 12.59 0.0036 10.00 44394
s b 0 12.59 0.0036 10.00 44404
s b 0 6.98 0.5647 10.00 44414
s b 0 6.98 0.5647 10.00 44424
s b 0 6.98 0.5647 10.00 44434
s b 0 6.98 0.5647 10.00 44444
s b 0 6.98 0.5647 10.00 44454
s b 0 12.33 0.0292 10.00 44464
s b 0 12.33 0.0292 10.00 44474
s b 0 12.33 0.0292 10.00 44484
s b 0 12.33 0.0292 10.00 44494
s b 0 12.33 0.0292 10.00 44504
s b 0 12.33 0.0292 10.00 44514
s b 0 12.16 0.0466 10.00 44524
s b 0 6.80 0.5822 10.00 44534
s b 0 6.80 0.5822 10.00 44544
s b 0 6.80 0.5822 10.00 44554
s b 0 6.80 0.5822 10.00 44564
s b 0 6.80 0.5822 10.00 44574
s b 0 12.61 0.0020 10.00 44584
s b 0 12.61 0.0020 10.00 44594
s b 0 12.61 0.0020 10.00 44604
s b 0 12.61 0.0020 10.00 44614
s b 0 12.61 0.0020 10.00 44624
s b 0 12.61 0.0020 10.00 44634
s b 0 6.88 0.5746 10.00 44644
s b 0 6.88 0.5746 10.00 44654
s b 0 6.88 0.5746 10.00 44664
s b 0 6.88 0.5746 10.00 44674
s b 0 6.88 0.5746 10.00 44684
s b 0 12.45 0.0181 10.00 44694
s b 0 12.45 0.0181 10.00 44704
s b 0 12.45 0.0181 10.00 44714
s b 0 12.45 0.0181 10.00 44724
s b 0 12.45 0.0181 10.00 44734
s b 0 12.45 0.0181 10.00 44744
s b 0 12.18 0.0450 10.00 44754
s b 0 6.56 0.6070 10.00 44764
s b 0 6.56 0.6070 10.00 44774
s b 0 6.56 0.6070 10.00 44784
s b 0 6.56 0.6070 10.00 44794
s b 0 6.56 0.6070 10.00 44804
s b 0 12.83 0.0000 10.00 44814
s b 0 12.83 0.0000 10.00 44824
s b 0 12.83 0.0000 10.00 44834
s b 0 12.83 0.0000 10.00 44844
s b 0 12.83 0.0000 10.00 44854
s b 0 12.83 0.0000 10.00 44864
s b 0 6.90 0.5724 10.00 44874
s b 0 6.90 0.5724 10.00 44884
s b 0 6.90 0.5724 10.00 44894
s b 0 6.90 0.5724 10.00 44904
s b 0 6.90 0.5724 10.00 44914
s b 0 12.46 0.0165 10.00 44924
s b 0 12.46 0.0165 10.00 44934
s b 0 12.46 0.0165 10.00 44944
s b 0 12.46 0.0165 10.00 44954
s b 0 12.46 0.0165 10.00 44964
s b 0 12.46 0.0165 10.00 44974
s b 0 12.19 0.0434 10.00 44984
s b 0 6.54 0.6091 10.00 44994
s b 0 6.54 0.6091 10.00 45004
s b 0 6.54 0.6091 10.00 45014
s b 0 6.54 0.6091 10.00 45024
s b 0 6.54 0.6091 10.00 45034
s b 0 12.78 0.0000 10.00 45044
s b 0 12.78 0.0000 10.00 45054
s b 0 12.78 0.0000 10.00 45064
s b 0 12.78 0.0000 10.00 45074
s b 0 12.78 0.0000 10.00 45084
s b 0 12.78 0.0000 10.00 45094
s b 0 6.89 0.5735 10.00 45104
s b 0 6.89 0.5735 10.00 45114
s b 0 6.89 0.5735 10.00 45124
s b 0 6.89 0.5735 10.00 45134
s b 0 6.89 0.5735 10.00 45144
s b 0 12.51 0.0117 10.00 45154
s b 0 12.51 0.0117 10.00 45164
s b 0 12.51 0.0117 10.00 45174
s b 0 12.51 0.0117 10.00 45184
s b 0 12.51 0.0117 10.00 45194
s b 0 12.51 0.0117 10.00 45204
s b 0 7.01 0.5614 10.00 45214
s b 0 7.01 0.5614 10.00 45224
s b 0 7.01 0.5614 10.00 45234
s b 0 7.01 0.5614 10.00 45244
s b 0 7.01 0.5614 10.00 45254
s b 0 12.51 0.0117 10.00 45264
s b 0 12.51 0.0117 10.00 45274
s b 0 12.51 0.0117 10.00 45284
s b 0 12.51 0.0117 10.00 45294
s b 0 12.51 0.0117 10.00 45304
s b 0 12.51 0.0117 10.00 45314
s b 0 7.02 0.5603 10.00 45324
s b 0 7.02 0.5603 10.00 45334
s b 0 7.02 0.5603 10.00 45344
s b 0 7.02 0.5603 10.00 45354
s b 0 7.02 0.5603 10.00 45364
s b 0 12.45 0.0181 10.00 45374
s b 0 12.45 0.0181 10.00 45384
s b 0 12.45 0.0181 10.00 45394
s b 0 12.45 0.0181 10.00 45404
s b 0 12.45 0.0181 10.00 45414
s b 0 12.45 0.0181 10.00 45424
s b 0 12.16 0.0466 10.00 45434
s b 0 6.47 0.6155 10.00 45444
s b 0 6.47 0.6155 10.00 45454
s b 0 6.47 0.6155 10.00 45464
s b 0 6.47 0.6155 10.00 45474
s b 0 6.47 0.6155 10.00 45484
s b 0 12.92 0.0000 10.00 45494
s b 0 12.92 0.0000 10.00 45504
s b 0 12.92 0.0000 10.00 45514
s b 0 12.92 0.0000 10.00 45524
s b 0 12.92 0.0000 10.00 45534
s b 0 12.92 0.0000 10.00 45544
s b 0 6.88 0.5746 10.00 45554
s b 0 6.88 0.5746 10.00 45564
s b 0 6.88 0.5746 10.00 45574
s b 0 6.88 0.5746 10.00 45584
s b 0 6.88 0.5746 10.00 45594
s b 0 12.64 0.0000 10.00 45604
s b 0 12.64 0.0000 10.00 45614
s b 0 12.64 0.0000 10.00 45624
s b 0 12.64 0.0000 10.00 45634
s b 0 12.64 0.0000 10.00 45644
s b 0 12.64 0.0000 10.00 45654
s b 0 6.76 0.5866 10.00 45664
s b 0 6.76 0.5866 10.00 45674
s b 0 6.76 0.5866 10.00 45684
s b 0 6.76 0.5866 10.00 45694
s b 0 6.76 0.5866 10.00 45704
s b 0 12.64 0.0000 10.00 45714
s b 0 12.64 0.0000 10.00 45724
s b 0 12.64 0.0000 10.00 45734
s b 0 12.64 0.0000 10.00 45744
s b 0 12.64 0.0000 10.00 45754
s b 0 12.64 0.0000 10.00 45764
s b 0 6.80 0.5822 10.00 45774
s b 0 6.80 0.5822 10.00 45784
s b 0 6.80 0.5822 10.00 45794
s b 0 6.80 0.5822 10.00 45804
s b 0 6.80 0.5822 10.00 45814
s b 0 12.69 0.0000 10.00 45824
s b 0 12.69 0.0000 10.00 45834
s b 0 12.69 0.0000 10.00 45844
s b 0 12.69 0.0000 10.00 45854
s b 0 12.69 0.0000 10.00 45864
s b 0 12.69 0.0000 10.00 45874
s b 0 6.73 0.5898 10.00 45884
s b 0 6.73 0.5898 10.00 45894
s b 0 6.73 0.5898 10.00 45904
s b 0 6.73 0.5898 10.00 45914
s b 0 6.73 0.5898 10.00 45924
s b 0 12.74 0.0000 10.00 45934
s b 0 12.74 0.0000 10.00 45944
s b 0 12.74 0.0000 10.00 45954
s b 0 12.74 0.0000 10.00 45964
s b 0 12.74 0.0000 10.00 45974
s b 0 12.74 0.0000 10.00 45984
s b 0 6.77 0.5855 10.00 45994
s b 0 6.77 0.5855 10.00 46004
s b 0 6.77 0.5855 10.00 46014
s b 0 6.77 0.5855 10.00 46024
s b 0 6.77 0.5855 10.00 46034
s b 0 12.62 0.0004 10.00 46044
s b 0 12.62 0.0004 10.00 46054
s b 0 12.62 0.0004 10.00 46064
s b 0 12.62 0.0004 10.00 46074
s b 0 12.62 0.0004 10.00 46084
s b 0 12.62 0.0004 10.00 46094
s b 0 6.88 0.5746 10.00 46104
s b 0 6.88 0.5746 10.00 46114
s b 0 6.88 0.5746 10.00 46124
s b 0 6.88 0.5746 10.00 46134
s b 0 6.88 0.5746 10.00 46144
s b 0 12.43 0.0197 10.00 46154
s b 0 12.43 0.0197 10.00 46164
s b 0 12.43 0.0197 10.00 46174
s b 0 12.43 0.0197 10.00 46184
s b 0 12.43 0.0197 10.00 46194
s b 0 12.43 0.0197 10.00 46204
s b 0 12.21 0.0419 10.00 46214
s b 0 6.64 0.5984 10.00 46224
s b 0 6.64 0.5984 10.00 46234
s b 0 6.64 0.5984 10.00 46244
s b 0 6.64 0.5984 10.00 46254
s b 0 6.64 0.5984 10.00 46264
s b 0 12.64 0.0000 10.00 46274
s b 0 12.64 0.0000 10.00 46284
s b 0 12.64 0.0000 10.00 46294
s b 0 12.64 0.0000 10.00 46304
s b 0 12.64 0.0000 10.00 46314
s b 0 12.64 0.0000 10.00 46324
s b 0 6.86 0.5768 10.00 46334
s b 0 6.86 0.5768 10.00 46344
s b 0 6.86 0.5768 10.00 46354
s b 0 6.86 0.5768 10.00 46364
s b 0 6.86 0.5768 10.00 46374
s b 0 12.53 0.0101 10.00 46384
s b 0 12.53 0.0101 10.00 46394
s b 0 12.53 0.0101 10.00 46404
s b 0 12.53 0.0101 10.00 46414
s b 0 12.53 0.0101 10.00 46424
s b 0 12.53 0.0101 10.00 46434
s b 0 6.97 0.5658 10.00 46444
s b 0 6.97 0.5658 10.00 46454
s b 0 6.97 0.5658 10.00 46464
s b 0 6.97 0.5658 10.00 46474
