s b 0 0.02 0.0000 0.00 26534
s b 0 0.02 0.0000 0.00 26544
s b 0 0.02 0.0000 0.00 26554
s b 0 0.02 0.0000 0.00 26564
s b 0 0.02 0.0000 0.00 26574
s b 0 0.01 0.0000 0.00 26584
s b 0 0.01 0.0000 0.00 26594
s b 0 0.02 0.0000 0.00 26604
s b 0 0.02 0.0000 0.00 26614
s b 0 0.01 0.0000 0.00 26624
s b 0 0.01 0.0000 0.00 26634
s b 0 0.01 0.0000 0.00 26644
s b 0 0.02 0.0000 0.00 26654
s b 0 0.01 0.0000 0.00 26664
s b 0 0.01 0.0000 0.00 26674
s b 0 0.02 0.0000 0.00 26684
s b 0 0.02 0.0000 0.00 26694
s b 0 0.02 0.0000 0.00 26704
s b 0 0.02 0.0000 0.00 26714
s b 0 0.02 0.0000 0.00 26724
s b 0 0.02 0.0000 0.00 26734
s b 0 0.02 0.0000 0.00 26744
s b 0 0.02 0.0000 0.00 26754
s b 0 0.01 0.0000 0.00 26764
s b 0 0.01 0.0000 0.00 26774
s b 0 0.02 0.0000 0.00 26784
s b 0 0.02 0.0000 0.00 26794
s b 0 0.02 0.0000 0.00 26804
s b 0 0.02 0.0000 0.00 26814
s b 0 0.02 0.0000 0.00 26824
s b 0 0.02 0.0000 0.00 26834
s b 0 0.02 0.0000 0.00 26844
s b 0 0.03 0.0000 0.00 26854
s b 0 0.03 0.0000 0.00 26864
s b 0 0.03 0.0000 0.00 26874
s b 0 0.03 0.0000 0.00 26884
s b 0 0.02 0.0000 0.00 26894
s b 0 0.02 0.0000 0.00 26904
s b 0 0.02 0.0000 0.00 26914
s b 0 0.02 0.0000 0.00 26924
s b 0 0.02 0.0000 0.00 26934
s b 0 0.03 0.0000 0.00 26944
s b 0 0.03 0.0000 0.00 26954
s b 0 0.02 0.0000 0.00 26964
s b 0 0.02 0.0000 0.00 26974
s b 0 0.02 0.0000 0.00 26984
s b 0 0.02 0.0000 0.00 26994
s b 0 0.02 0.0000 0.00 27004
s b 0 0.02 0.0000 0.00 27014
s b 0 0.02 0.0000 0.00 27024
s b 0 0.02 0.0000 0.00 27034
s b 0 0.02 0.0000 0.00 27044
s b 0 0.02 0.0000 0.00 27054
s b 0 0.02 0.0000 0.00 27064
s b 0 0.02 0.0000 0.00 27074
s b 0 0.02 0.0000 0.00 27084
s b 0 0.02 0.0000 0.00 27094
s b 0 0.02 0.0000 0.00 27104
s b 0 0.02 0.0000 0.00 27114
s b 0 0.02 0.0000 0.00 27124
s b 0 0.02 0.0000 0.00 27134
s b 0 0.02 0.0000 0.00 27144
s b 0 0.02 0.0000 0.00 27154
s b 0 0.02 0.0000 0.00 27164
s b 0 0.02 0.0000 0.00 27174
s b 0 0.02 0.0000 0.00 27184
s b 0 0.02 0.0000 0.00 27194
s b 0 0.02 0.0000 0.00 27204
s b 0 0.02 0.0000 0.00 27214
s b 0 0.02 0.0000 0.00 27224
s b 0 0.02 0.0000 0.00 27234
s b 0 0.02 0.0000 0.00 27244
s b 0 0.02 0.0000 0.00 27254
s b 0 0.02 0.0000 0.00 27264
s b 0 0.02 0.0000 0.00 27274
s b 0 0.02 0.0000 0.00 27284
s b 0 0.02 0.0000 0.00 27294
s b 0 0.02 0.0000 0.00 27304
s b 0 0.02 0.0000 0.00 27314
s b 0 0.02 0.0000 0.00 27324
s b 0 0.02 0.0000 0.00 27334
s b 0 0.02 0.0000 0.00 27344
s b 0 0.02 0.0000 0.00 27354
s b 0 0.02 0.0000 0.00 27364
s b 0 0.02 0.0000 0.00 27374
s b 0 0.02 0.0000 0.00 27384
s b 0 0.02 0.0000 0.00 27394
s b 0 0.02 0.0000 0.00 27404
s b 0 0.02 0.0000 0.00 27414
s b 0 0.01 0.0000 0.00 27424
s b 0 0.01 0.0000 0.00 27434
s b 0 0.01 0.0000 0.00 27444
s b 0 0.01 0.0000 0.00 27454
s b 0 0.01 0.0000 0.00 27464
s b 0 0.01 0.0000 0.00 27474
s b 0 0.01 0.0000 0.00 27484
s b 0 0.01 0.0000 0.00 27494
s b 0 0.01 0.0000 0.00 27504
s b 0 0.02 0.0000 0.00 27514
s b 0 0.01 0.0000 0.00 27524
s b 0 0.02 0.0000 0.00 27534
s b 0 0.02 0.0000 0.00 27544
s b 0 0.03 0.0000 0.00 27554
s b 0 0.03 0.0000 0.00 27564
s b 0 0.03 0.0000 0.00 27574
s b 0 0.03 0.0000 0.00 27584
s b 0 0.03 0.0000 0.00 27594
s b 0 0.03 0.0000 0.00 27604
s b 0 0.03 0.0000 0.00 27614
s b 0 0.03 0.0000 0.00 27624
s b 0 0.03 0.0000 0.00 27634
s b 0 0.03 0.0000 0.00 27644
s b 0 0.02 0.0000 0.00 27654
s b 0 0.02 0.0000 0.00 27664
s b 0 0.02 0.0000 0.00 27674
s b 0 0.02 0.0000 0.00 27684
s b 0 0.02 0.0000 0.00 27694
s b 0 0.02 0.0000 0.00 27704
s b 0 0.02 0.0000 0.00 27714
s b 0 0.02 0.0000 0.00 27724
s b 0 0.02 0.0000 0.00 27734
s b 0 0.02 0.0000 0.00 27744
s b 0 0.01 0.0000 0.00 27754
s b 0 0.01 0.0000 0.00 27764
s b 0 0.01 0.0000 0.00 27774
s b 0 0.02 0.0000 0.00 27784
s b 0 0.02 0.0000 0.00 27794
s b 0 0.02 0.0000 0.00 27804
s b 0 0.02 0.0000 0.00 27814
s b 0 0.02 0.0000 0.00 27824
s b 0 0.02 0.0000 0.00 27834
s b 0 0.02 0.0000 0.00 27844
s b 0 0.02 0.0000 0.00 27854
s b 0 0.02 0.0000 0.00 27864
s b 0 0.02 0.0000 0.00 27874
s b 0 0.02 0.0000 0.00 27884
s b 0 0.02 0.0000 0.00 27894
s b 0 0.02 0.0000 0.00 27904
s b 0 0.02 0.0000 0.00 27914
s b 0 0.02 0.0000 0.00 27924
s b 0 0.02 0.0000 0.00 27934
s b 0 0.02 0.0000 0.00 27944
s b 0 0.02 0.0000 0.00 27954
s b 0 0.02 0.0000 0.00 27964
s b 0 0.02 0.0000 0.00 27974
s b 0 0.02 0.0000 0.00 27984
s b 0 0.01 0.0000 0.00 27994
s b 0 0.02 0.0000 0.00 28004
s b 0 0.02 0.0000 0.00 28014
s b 0 0.01 0.0000 0.00 28024
s b 0 0.01 0.0000 0.00 28034
s b 0 0.01 0.0000 0.00 28044
s b 0 0.01 0.0000 0.00 28054
s b 0 0.02 0.0000 0.00 28064
s b 0 0.01 0.0000 0.00 28074
s b 0 0.02 0.0000 0.00 28084
s b 0 0.02 0.0000 0.00 28094
s b 0 0.02 0.0000 0.00 28104
s b 0 0.02 0.0000 0.00 28114
s b 0 0.02 0.0000 0.00 28124
s b 0 0.02 0.0000 0.00 28134
s b 0 0.02 0.0000 0.00 28144
s b 0 0.02 0.0000 0.00 28154
s b 0 0.02 0.0000 0.00 28164
s b 0 0.02 0.0000 0.00 28174
s b 0 0.02 0.0000 0.00 28184
s b 0 0.02 0.0000 0.00 28194
s b 0 0.02 0.0000 0.00 28204
s b 0 0.02 0.0000 0.00 28214
s b 0 0.02 0.0000 0.00 28224
s b 0 0.02 0.0000 0.00 28234
s b 0 0.02 0.0000 0.00 28244
s b 0 0.02 0.0000 0.00 28254
s b 0 0.02 0.0000 0.00 28264
s b 0 0.02 0.0000 0.00 28274
s b 0 0.02 0.0000 0.00 28284
s b 0 0.02 0.0000 0.00 28294
s b 0 0.02 0.0000 0.00 28304
s b 0 0.02 0.0000 0.00 28314
s b 0 0.02 0.0000 0.00 28324
s b 0 0.02 0.0000 0.00 28334
s b 0 0.02 0.0000 0.00 28344
s b 0 0.03 0.0000 0.00 28354
s b 0 0.03 0.0000 0.00 28364
s b 0 0.03 0.0000 0.00 28374
s b 0 0.03 0.0000 0.00 28384
s b 0 0.03 0.0000 0.00 28394
s b 0 0.02 0.0000 0.00 28404
s b 0 0.02 0.0000 0.00 28414
s b 0 0.02 0.0000 0.00 28424
s b 0 0.02 0.0000 0.00 28434
s b 0 0.02 0.0000 0.00 28444
s b 0 0.02 0.0000 0.00 28454
s b 0 0.02 0.0000 0.00 28464
s b 0 0.02 0.0000 0.00 28474
s b 0 0.02 0.0000 0.00 28484
s b 0 0.02 0.0000 0.00 28494
s b 0 0.02 0.0000 0.00 28504
s b 0 0.02 0.0000 0.00 28514
s b 0 0.02 0.0000 0.00 28524
s b 0 0.02 0.0000 0.00 28534
s b 0 0.02 0.0000 0.00 28544
s b 0 0.02 0.0000 0.00 28554
s b 0 0.02 0.0000 0.00 28564
s b 0 0.02 0.0000 0.00 28574
s b 0 0.02 0.0000 0.00 28584
s b 0 0.02 0.0000 0.00 28594
s b 0 0.02 0.0000 0.00 28604
s b 0 0.02 0.0000 0.00 28614
s b 0 0.03 0.0000 0.00 28624
s b 0 0.03 0.0000 0.00 28634
s b 0 0.03 0.0000 0.00 28644
s b 0 0.02 0.0000 0.00 28654
s b 0 0.02 0.0000 0.00 28664
s b 0 0.01 0.0000 0.00 28674
s b 0 0.01 0.0000 0.00 28684
s b 0 0.01 0.0000 0.00 28694
s b 0 0.02 0.0000 0.00 28704
s b 0 0.02 0.0000 0.00 28714
s b 0 0.02 0.0000 0.00 28724
s b 0 0.02 0.0000 0.00 28734
s b 0 0.02 0.0000 0.00 28744
s b 0 0.02 0.0000 0.00 28754
s b 0 0.02 0.0000 0.00 28764
s b 0 0.02 0.0000 0.00 28774
s b 0 0.02 0.0000 0.00 28784
s b 0 0.02 0.0000 0.00 28794
s b 0 0.02 0.0000 0.00 28804
s b 0 0.02 0.0000 0.00 28814
s b 0 0.02 0.0000 0.00 28824
s b 0 0.02 0.0000 0.00 28834
s b 0 0.02 0.0000 0.00 28844
s b 0 0.02 0.0000 0.00 28854
s b 0 0.02 0.0000 0.00 28864
s b 0 0.02 0.0000 0.00 28874
s b 0 0.02 0.0000 0.00 28884
s b 0 0.02 0.0000 0.00 28894
s b 0 0.02 0.0000 0.00 28904
s b 0 0.02 0.0000 0.00 28914
s b 0 0.02 0.0000 0.00 28924
s b 0 0.02 0.0000 0.00 28934
s b 0 0.02 0.0000 0.00 28944
s b 0 0.02 0.0000 0.00 28954
s b 0 0.02 0.0000 0.00 28964
s b 0 0.02 0.0000 0.00 28974
s b 0 0.02 0.0000 0.00 28984
s b 0 0.02 0.0000 0.00 28994
s b 0 0.02 0.0000 0.00 29004
s b 0 0.02 0.0000 0.00 29014
s b 0 0.02 0.0000 0.00 29024
s b 0 0.02 0.0000 0.00 29034
s b 0 0.02 0.0000 0.00 29044
s b 0 0.02 0.0000 0.00 29054
s b 0 0.02 0.0000 0.00 29064
s b 0 0.02 0.0000 0.00 29074
s b 0 0.02 0.0000 0.00 29084
s b 0 0.02 0.0000 0.00 29094
s b 0 0.03 0.0000 0.00 29104
s b 0 0.03 0.0000 0.00 29114
s b 0 0.03 0.0000 0.00 29124
s b 0 0.03 0.0000 0.00 29134
s b 0 0.02 0.0000 0.00 29144
s b 0 0.03 0.0000 0.00 29154
s b 0 0.02 0.0000 0.00 29164
s b 0 0.02 0.0000 0.00 29174
s b 0 0.02 0.0000 0.00 29184
s b 0 0.02 0.0000 0.00 29194
s b 0 0.02 0.0000 0.00 29204
s b 0 0.02 0.0000 0.00 29214
s b 0 0.02 0.0000 0.00 29224
s b 0 0.02 0.0000 0.00 29234
s b 0 0.02 0.0000 0.00 29244
s b 0 0.02 0.0000 0.00 29254
s b 0 0.02 0.0000 0.00 29264
s b 0 0.02 0.0000 0.00 29274
s b 0 0.02 0.0000 0.00 29284
s b 0 0.02 0.0000 0.00 29294
s b 0 0.02 0.0000 0.00 29304
s b 0 0.02 0.0000 0.00 29314
s b 0 0.02 0.0000 0.00 29324
s b 0 0.02 0.0000 0.00 29334
s b 0 0.02 0.0000 0.00 29344
s b 0 0.02 0.0000 0.00 29354
s b 0 0.02 0.0000 0.00 29364
s b 0 0.02 0.0000 0.00 29374
s b 0 0.02 0.0000 0.00 29384
s b 0 0.02 0.0000 0.00 29394
s b 0 0.02 0.0000 0.00 29404
s b 0 0.01 0.0000 0.00 29414
s b 0 0.02 0.0000 0.00 29424
s b 0 0.02 0.0000 0.00 29434
s b 0 0.02 0.0000 0.00 29444
s b 0 0.02 0.0000 0.00 29454
s b 0 0.02 0.0000 0.00 29464
s b 0 0.02 0.0000 0.00 29474
s b 0 0.02 0.0000 0.00 29484
s b 0 0.02 0.0000 0.00 29494
s b 0 0.02 0.0000 0.00 29504
s b 0 0.02 0.0000 0.00 29514
s b 0 0.02 0.0000 0.00 29524
s b 0 0.02 0.0000 0.00 29534
s b 0 0.02 0.0000 0.00 29544
s b 0 0.02 0.0000 0.00 29554
s b 0 0.02 0.0000 0.00 29564
s b 0 0.02 0.0000 0.00 29574
s b 0 0.02 0.0000 0.00 29584
s b 0 0.02 0.0000 0.00 29594
s b 0 0.02 0.0000 0.00 29604
s b 0 0.02 0.0000 0.00 29614
s b 0 0.01 0.0000 0.00 29624
s b 0 0.01 0.0000 0.00 29634
s b 0 0.01 0.0000 0.00 29644
s b 0 0.02 0.0000 0.00 29654
s b 0 0.02 0.0000 0.00 29664
s b 0 0.01 0.0000 0.00 29674
s b 0 0.02 0.0000 0.00 29684
s b 0 0.02 0.0000 0.00 29694
s b 0 0.02 0.0000 0.00 29704
s b 0 0.02 0.0000 0.00 29714
s b 0 0.02 0.0000 0.00 29724
s b 0 0.02 0.0000 0.00 29734
s b 0 0.02 0.0000 0.00 29744
s b 0 0.02 0.0000 0.00 29754
s b 0 0.02 0.0000 0.00 29764
s b 0 0.02 0.0000 0.00 29774
s b 0 0.02 0.0000 0.00 29784
s b 0 0.02 0.0000 0.00 29794
s b 0 0.02 0.0000 0.00 29804
s b 0 0.02 0.0000 0.00 29814
s b 0 0.02 0.0000 0.00 29824
s b 0 0.02 0.0000 0.00 29834
s b 0 0.02 0.0000 0.00 29844
s b 0 0.02 0.0000 0.00 29854
s b 0 0.02 0.0000 0.00 29864
s b 0 0.02 0.0000 0.00 29874
s b 0 0.02 0.0000 0.00 29884
s b 0 0.02 0.0000 0.00 29894
s b 0 0.02 0.0000 0.00 29904
s b 0 0.02 0.0000 0.00 29914
s b 0 0.02 0.0000 0.00 29924
s b 0 0.02 0.0000 0.00 29934
s b 0 0.02 0.0000 0.00 29944
s b 0 0.02 0.0000 0.00 29954
s b 0 0.02 0.0000 0.00 29964
s b 0 0.02 0.0000 0.00 29974
s b 0 0.02 0.0000 0.00 29984
s b 0 0.02 0.0000 0.00 29994
s b 0 0.02 0.0000 0.00 30004
s b 0 0.02 0.0000 0.00 30014
s b 0 0.02 0.0000 0.00 30024
s b 0 0.02 0.0000 0.00 30034
s b 0 0.02 0.0000 0.00 30044
s b 0 0.02 0.0000 0.00 30054
s b 0 0.02 0.0000 0.00 30064
s b 0 0.02 0.0000 0.00 30074
s b 0 0.02 0.0000 0.00 30084
s b 0 0.02 0.0000 0.00 30094
s b 0 0.02 0.0000 0.00 30104
s b 0 0.02 0.0000 0.00 30114
s b 0 0.02 0.0000 0.00 30124
s b 0 0.02 0.0000 0.00 30134
s b 0 0.02 0.0000 0.00 30144
s b 0 0.02 0.0000 0.00 30154
s b 0 0.02 0.0000 0.00 30164
s b 0 0.02 0.0000 0.00 30174
s b 0 0.02 0.0000 0.00 30184
s b 0 0.02 0.0000 0.00 30194
s b 0 0.02 0.0000 0.00 30204
s b 0 0.02 0.0000 0.00 30214
s b 0 0.02 0.0000 0.00 30224
s b 0 0.02 0.0000 0.00 30234
s b 0 0.02 0.0000 0.00 30244
s b 0 0.02 0.0000 0.00 30254
s b 0 0.02 0.0000 0.00 30264
s b 0 0.02 0.0000 0.00 30274
s b 0 0.02 0.0000 0.00 30284
s b 0 0.02 0.0000 0.00 30294
s b 0 0.02 0.0000 0.00 30304
s b 0 0.02 0.0000 0.00 30314
s b 0 0.02 0.0000 0.00 30324
s b 0 0.02 0.0000 0.00 30334
s b 0 0.02 0.0000 0.00 30344
s b 0 0.02 0.0000 0.00 30354
s b 0 0.02 0.0000 0.00 30364
s b 0 0.01 0.0000 0.00 30374
s b 0 0.01 0.0000 0.00 30384
s b 0 0.01 0.0000 0.00 30394
s b 0 0.01 0.0000 0.00 30404
s b 0 0.01 0.0000 0.00 30414
s b 0 0.01 0.0000 0.00 30424
s b 0 0.01 0.0000 0.00 30434
s b 0 0.01 0.0000 0.00 30444
s b 0 0.01 0.0000 0.00 30454
s b 0 0.01 0.0000 0.00 30464
s b 0 0.01 0.0000 0.00 30474
s b 0 0.02 0.0000 0.00 30484
s b 0 0.02 0.0000 0.00 30494
s b 0 0.02 0.0000 0.00 30504
s b 0 0.02 0.0000 0.00 30514
s b 0 0.02 0.0000 0.00 30524
s b 0 0.02 0.0000 0.00 30534
s b 0 0.02 0.0000 0.00 30544
s b 0 0.02 0.0000 0.00 30554
s b 0 0.02 0.0000 0.00 30564
s b 0 0.02 0.0000 0.00 30574
s b 0 0.02 0.0000 0.00 30584
s b 0 0.02 0.0000 0.00 30594
s b 0 0.02 0.0000 0.00 30604
s b 0 0.02 0.0000 0.00 30614
s b 0 0.02 0.0000 0.00 30624
s b 0 0.02 0.0000 0.00 30634
s b 0 0.02 0.0000 0.00 30644
s b 0 0.02 0.0000 0.00 30654
s b 0 0.02 0.0000 0.00 30664
s b 0 0.02 0.0000 0.00 30674
s b 0 0.02 0.0000 0.00 30684
s b 0 0.02 0.0000 0.00 30694
s b 0 0.02 0.0000 0.00 30704
s b 0 0.02 0.0000 0.00 30714
s b 0 0.02 0.0000 0.00 30724
s b 0 0.02 0.0000 0.00 30734
s b 0 0.02 0.0000 0.00 30744
s b 0 0.02 0.0000 0.00 30754
s b 0 0.02 0.0000 0.00 30764
s b 0 0.02 0.0000 0.00 30774
s b 0 0.02 0.0000 0.00 30784
s b 0 0.02 0.0000 0.00 30794
s b 0 0.02 0.0000 0.00 30804
s b 0 0.02 0.0000 0.00 30814
s b 0 0.02 0.0000 0.00 30824
s b 0 0.02 0.0000 0.00 30834
s b 0 0.02 0.0000 0.00 30844
s b 0 0.02 0.0000 0.00 30854
s b 0 0.02 0.0000 0.00 30864
s b 0 0.02 0.0000 0.00 30874
s b 0 0.02 0.0000 0.00 30884
s b 0 0.02 0.0000 0.00 30894
s b 0 0.02 0.0000 0.00 30904
s b 0 0.02 0.0000 0.00 30914
s b 0 0.02 0.0000 0.00 30924
s b 0 0.02 0.0000 0.00 30934
s b 0 0.02 0.0000 0.00 30944
s b 0 0.02 0.0000 0.00 30954
s b 0 0.02 0.0000 0.00 30964
s b 0 0.02 0.0000 0.00 30974
s b 0 0.02 0.0000 0.00 30984
s b 0 0.02 0.0000 0.00 30994
s b 0 0.02 0.0000 0.00 31004
s b 0 0.02 0.0000 0.00 31014
s b 0 0.02 0.0000 0.00 31024
s b 0 0.02 0.0000 0.00 31034
s b 0 0.02 0.0000 0.00 31044
s b 0 0.02 0.0000 0.00 31054
s b 0 0.02 0.0000 0.00 31064
s b 0 0.02 0.0000 0.00 31074
s b 0 0.02 0.0000 0.00 31084
s b 0 0.02 0.0000 0.00 31094
s b 0 0.02 0.0000 0.00 31104
s b 0 0.02 0.0000 0.00 31114
s b 0 0.02 0.0000 0.00 31124
s b 0 0.02 0.0000 0.00 31134
s b 0 0.02 0.0000 0.00 31144
s b 0 0.02 0.0000 0.00 31154
s b 0 0.02 0.0000 0.00 31164
ack
s b 0 0.02 0.6870 10.00 31174
s b 0 0.02 0.6970 10.00 31184
s b 0 0.02 0.7070 10.00 31194
s b 0 0.03 0.7168 10.00 31204
s b 0 3.29 0.5636 10.00 31214
s b 0 3.29 0.5703 10.00 31224
s b 0 3.29 0.5770 10.00 31234
s b 0 7.48 0.3744 10.00 31244
s b 0 7.48 0.3770 10.00 31254
s b 0 7.48 0.3795 10.00 31264
s b 0 7.48 0.3820 10.00 31274
s b 0 7.48 0.3845 10.00 31284
s b 0 7.48 0.3871 10.00 31294
s b 0 8.45 0.3408 10.00 31304
s b 0 9.23 0.3036 10.00 31314
s b 0 9.91 0.2704 10.00 31324
s b 0 10.39 0.2463 10.00 31334
s b 0 10.94 0.2186 10.00 31344
s b 0 11.36 0.1963 10.00 31354
s b 0 11.36 0.1949 10.00 31364
s b 0 11.36 0.1936 10.00 31374
s b 0 11.36 0.1922 10.00 31384
s b 0 11.36 0.1908 10.00 31394
s b 0 11.36 0.1895 10.00 31404
s b 0 11.17 0.1978 10.00 31414
s b 0 10.82 0.2142 10.00 31424
s b 0 10.43 0.2326 10.00 31434
s b 0 10.24 0.2420 10.00 31444
s b 0 9.92 0.2577 10.00 31454
s b 0 9.81 0.2632 10.00 31464
s b 0 9.62 0.2728 10.00 31474
s b 0 9.62 0.2732 10.00 31484
s b 0 9.62 0.2736 10.00 31494
s b 0 9.62 0.2739 10.00 31504
s b 0 9.62 0.2743 10.00 31514
s b 0 9.62 0.2747 10.00 31524
s b 0 9.63 0.2744 10.00 31534
s b 0 9.84 0.2647 10.00 31544
s b 0 9.99 0.2573 10.00 31554
s b 0 10.13 0.2504 10.00 31564
s b 0 10.26 0.2434 10.00 31574
s b 0 10.39 0.2368 10.00 31584
s b 0 10.39 0.2364 10.00 31594
s b 0 10.40 0.2353 10.00 31604
s b 0 10.40 0.2349 10.00 31614
s b 0 10.40 0.2345 10.00 31624
s b 0 10.40 0.2341 10.00 31634
s b 0 10.40 0.2337 10.00 31644
s b 0 10.40 0.2333 10.00 31654
s b 0 10.29 0.2385 10.00 31664
s b 0 10.24 0.2410 10.00 31674
s b 0 10.24 0.2408 10.00 31684
s b 0 10.13 0.2461 10.00 31694
s b 0 10.10 0.2473 10.00 31704
s b 0 10.07 0.2486 10.00 31714
s b 0 10.07 0.2485 10.00 31724
s b 0 10.07 0.2485 10.00 31734
s b 0 10.07 0.2484 10.00 31744
s b 0 10.08 0.2476 10.00 31754
s b 0 10.08 0.2476 10.00 31764
s b 0 10.10 0.2468 10.00 31774
s b 0 10.15 0.2439 10.00 31784
s b 0 10.15 0.2438 10.00 31794
s b 0 10.15 0.2436 10.00 31804
s b 0 10.17 0.2428 10.00 31814
s b 0 10.17 0.2426 10.00 31824
s b 0 10.17 0.2424 10.00 31834
s b 0 10.17 0.2423 10.00 31844
s b 0 10.17 0.2421 10.00 31854
s b 0 10.17 0.2419 10.00 31864
s b 0 10.17 0.2418 10.00 31874
s b 0 10.17 0.2416 10.00 31884
s b 0 10.17 0.2414 10.00 31894
s b 0 10.19 0.2399 10.00 31904
s b 0 10.19 0.2397 10.00 31914
s b 0 10.18 0.2402 10.00 31924
s b 0 10.18 0.2400 10.00 31934
s b 0 10.18 0.2398 10.00 31944
s b 0 10.17 0.2403 10.00 31954
s b 0 10.17 0.2402 10.00 31964
s b 0 10.15 0.2407 10.00 31974
s b 0 10.14 0.2412 10.00 31984
s b 0 10.14 0.2411 10.00 31994
s b 0 10.14 0.2410 10.00 32004
s b 0 10.14 0.2408 10.00 32014
s b 0 10.14 0.2407 10.00 32024
s b 0 10.14 0.2405 10.00 32034
s b 0 10.14 0.2404 10.00 32044
s b 0 10.15 0.2396 10.00 32054
s b 0 10.15 0.2394 10.00 32064
s b 0 10.14 0.2400 10.00 32074
s b 0 10.14 0.2398 10.00 32084
s b 0 10.14 0.2397 10.00 32094
s b 0 10.13 0.2402 10.00 32104
s b 0 10.13 0.2401 10.00 32114
s b 0 10.13 0.2400 10.00 32124
s b 0 10.13 0.2399 10.00 32134
s b 0 10.13 0.2397 10.00 32144
s b 0 10.13 0.2396 10.00 32154
s b 0 10.10 0.2409 10.00 32164
s b 0 10.13 0.2394 10.00 32174
s b 0 10.10 0.2406 10.00 32184
s b 0 10.08 0.2412 10.00 32194
s b 0 10.08 0.2412 10.00 32204
s b 0 10.10 0.2404 10.00 32214
s b 0 10.10 0.2403 10.00 32224
s b 0 10.08 0.2409 10.00 32234
s b 0 10.08 0.2408 10.00 32244
s b 0 10.08 0.2407 10.00 32254
s b 0 10.08 0.2406 10.00 32264
s b 0 10.08 0.2405 10.00 32274
s b 0 10.08 0.2405 10.00 32284
s b 0 10.10 0.2397 10.00 32294
s b 0 10.10 0.2396 10.00 32304
s b 0 10.10 0.2395 10.00 32314
s b 0 10.10 0.2394 10.00 32324
s b 0 10.10 0.2393 10.00 32334
s b 0 10.10 0.2392 10.00 32344
s b 0 10.10 0.2391 10.00 32354
s b 0 10.13 0.2376 10.00 32364
s b 0 10.13 0.2375 10.00 32374
s b 0 10.13 0.2374 10.00 32384
s b 0 10.13 0.2372 10.00 32394
s b 0 10.13 0.2371 10.00 32404
s b 0 10.13 0.2370 10.00 32414
s b 0 10.13 0.2369 10.00 32424
s b 0 10.08 0.2388 10.00 32434
s b 0 10.08 0.2387 10.00 32444
s b 0 10.08 0.2386 10.00 32454
s b 0 10.08 0.2386 10.00 32464
s b 0 10.07 0.2392 10.00 32474
s b 0 10.06 0.2398 10.00 32484
s b 0 10.07 0.2390 10.00 32494
s b 0 10.06 0.2397 10.00 32504
s b 0 10.06 0.2396 10.00 32514
s b 0 10.06 0.2395 10.00 32524
s b 0 10.06 0.2395 10.00 32534
s b 0 10.06 0.2394 10.00 32544
s b 0 10.07 0.2387 10.00 32554
s b 0 10.06 0.2393 10.00 32564
s b 0 10.07 0.2386 10.00 32574
s b 0 10.08 0.2378 10.00 32584
s b 0 10.08 0.2377 10.00 32594
s b 0 10.08 0.2376 10.00 32604
s b 0 10.08 0.2376 10.00 32614
s b 0 10.08 0.2375 10.00 32624
s b 0 10.08 0.2374 10.00 32634
s b 0 10.08 0.2373 10.00 32644
s b 0 10.08 0.2372 10.00 32654
s b 0 10.08 0.2371 10.00 32664
s b 0 10.08 0.2370 10.00 32674
s b 0 10.08 0.2370 10.00 32684
s b 0 10.08 0.2369 10.00 32694
s b 0 10.06 0.2382 10.00 32704
s b 0 10.06 0.2381 10.00 32714
s b 0 10.06 0.2381 10.00 32724
s b 0 10.06 0.2380 10.00 32734
s b 0 10.07 0.2373 10.00 32744
s b 0 10.06 0.2379 10.00 32754
s b 0 10.04 0.2385 10.00 32764
s b 0 10.06 0.2378 10.00 32774
s b 0 10.07 0.2370 10.00 32784
s b 0 10.06 0.2377 10.00 32794
s b 0 10.07 0.2369 10.00 32804
s b 0 10.07 0.2368 10.00 32814
s b 0 10.03 0.2388 10.00 32824
s b 0 10.03 0.2388 10.00 32834
s b 0 10.07 0.2367 10.00 32844
s b 0 10.04 0.2380 10.00 32854
s b 0 10.04 0.2380 10.00 32864
s b 0 10.04 0.2379 10.00 32874
s b 0 10.04 0.2379 10.00 32884
s b 0 10.04 0.2379 10.00 32894
s b 0 10.04 0.2378 10.00 32904
s b 0 10.04 0.2378 10.00 32914
s b 0 10.04 0.2377 10.00 32924
s b 0 10.04 0.2377 10.00 32934
s b 0 10.04 0.2376 10.00 32944
s b 0 10.04 0.2376 10.00 32954
s b 0 10.08 0.2355 10.00 32964
s b 0 10.08 0.2354 10.00 32974
s b 0 10.08 0.2353 10.00 32984
s b 0 10.07 0.2359 10.00 32994
s b 0 10.06 0.2365 10.00 33004
s b 0 10.06 0.2365 10.00 33014
s b 0 10.06 0.2364 10.00 33024
s b 0 10.06 0.2364 10.00 33034
s b 0 10.06 0.2363 10.00 33044
s b 0 10.04 0.2370 10.00 33054
s b 0 10.04 0.2369 10.00 33064
s b 0 10.04 0.2369 10.00 33074
s b 0 10.04 0.2368 10.00 33084
s b 0 10.01 0.2382 10.00 33094
s b 0 9.99 0.2395 10.00 33104
s b 0 10.01 0.2382 10.00 33114
s b 0 10.01 0.2381 10.00 33124
s b 0 10.01 0.2381 10.00 33134
s b 0 10.04 0.2367 10.00 33144
s b 0 10.04 0.2367 10.00 33154
s b 0 10.06 0.2360 10.00 33164
s b 0 10.08 0.2345 10.00 33174
s b 0 10.08 0.2344 10.00 33184
s b 0 10.08 0.2344 10.00 33194
s b 0 10.10 0.2336 10.00 33204
s b 0 10.10 0.2335 10.00 33214
s b 0 10.10 0.2334 10.00 33224
s b 0 10.10 0.2333 10.00 33234
s b 0 10.06 0.2353 10.00 33244
s b 0 10.04 0.2359 10.00 33254
s b 0 10.04 0.2359 10.00 33264
s b 0 10.04 0.2358 10.00 33274
s b 0 10.04 0.2358 10.00 33284
s b 0 10.03 0.2364 10.00 33294
s b 0 10.03 0.2364 10.00 33304
s b 0 10.01 0.2371 10.00 33314
s b 0 10.01 0.2370 10.00 33324
s b 0 10.01 0.2370 10.00 33334
s b 0 10.01 0.2370 10.00 33344
s b 0 10.01 0.2370 10.00 33354
s b 0 10.01 0.2370 10.00 33364
s b 0 10.01 0.2370 10.00 33374
s b 0 10.01 0.2369 10.00 33384
s b 0 10.01 0.2369 10.00 33394
s b 0 10.01 0.2369 10.00 33404
s b 0 10.01 0.2369 10.00 33414
s b 0 10.03 0.2362 10.00 33424
s b 0 10.03 0.2362 10.00 33434
s b 0 10.03 0.2361 10.00 33444
s b 0 10.06 0.2347 10.00 33454
s b 0 10.03 0.2361 10.00 33464
s b 0 10.03 0.2360 10.00 33474
s b 0 10.03 0.2360 10.00 33484
s b 0 10.06 0.2346 10.00 33494
s b 0 10.06 0.2345 10.00 33504
s b 0 10.06 0.2345 10.00 33514
s b 0 10.06 0.2344 10.00 33524
s b 0 10.04 0.2351 10.00 33534
s b 0 10.03 0.2357 10.00 33544
s b 0 10.03 0.2357 10.00 33554
s b 0 10.03 0.2356 10.00 33564
s b 0 10.03 0.2356 10.00 33574
s b 0 10.03 0.2356 10.00 33584
s b 0 10.00 0.2369 10.00 33594
s b 0 10.00 0.2369 10.00 33604
s b 0 9.99 0.2376 10.00 33614
s b 0 10.00 0.2369 10.00 33624
s b 0 10.00 0.2369 10.00 33634
s b 0 9.99 0.2376 10.00 33644
s b 0 10.00 0.2370 10.00 33654
s b 0 10.01 0.2363 10.00 33664
s b 0 10.00 0.2369 10.00 33674
s b 0 10.01 0.2363 10.00 33684
s b 0 10.03 0.2355 10.00 33694
s b 0 10.03 0.2355 10.00 33704
s b 0 10.03 0.2355 10.00 33714
s b 0 10.04 0.2348 10.00 33724
s b 0 10.03 0.2354 10.00 33734
s b 0 10.03 0.2354 10.00 33744
s b 0 10.03 0.2354 10.00 33754
s b 0 10.03 0.2353 10.00 33764
s b 0 10.03 0.2353 10.00 33774
s b 0 10.03 0.2353 10.00 33784
s b 0 10.03 0.2352 10.00 33794
s b 0 10.03 0.2352 10.00 33804
s b 0 10.03 0.2352 10.00 33814
s b 0 10.03 0.2352 10.00 33824
s b 0 10.01 0.2358 10.00 33834
s b 0 10.03 0.2351 10.00 33844
s b 0 10.03 0.2351 10.00 33854
s b 0 10.01 0.2358 10.00 33864
s b 0 10.01 0.2357 10.00 33874
s b 0 10.01 0.2357 10.00 33884
s b 0 10.01 0.2357 10.00 33894
s b 0 10.01 0.2357 10.00 33904
s b 0 10.01 0.2357 10.00 33914
s b 0 10.01 0.2357 10.00 33924
s b 0 10.01 0.2356 10.00 33934
s b 0 10.01 0.2356 10.00 33944
s b 0 10.01 0.2356 10.00 33954
s b 0 10.01 0.2356 10.00 33964
s b 0 10.01 0.2356 10.00 33974
s b 0 10.01 0.2356 10.00 33984
s b 0 10.01 0.2356 10.00 33994
s b 0 10.01 0.2355 10.00 34004
s b 0 10.01 0.2355 10.00 34014
s b 0 10.01 0.2355 10.00 34024
s b 0 10.01 0.2355 10.00 34034
s b 0 9.97 0.2375 10.00 34044
s b 0 9.97 0.2376 10.00 34054
s b 0 10.01 0.2355 10.00 34064
s b 0 10.01 0.2355 10.00 34074
s b 0 9.99 0.2369 10.00 34084
s b 0 10.01 0.2355 10.00 34094
s b 0 10.01 0.2355 10.00 34104
s b 0 10.01 0.2355 10.00 34114
s b 0 10.01 0.2355 10.00 34124
s b 0 10.01 0.2355 10.00 34134
s b 0 10.01 0.2354 10.00 34144
s b 0 10.07 0.2327 10.00 34154
s b 0 10.06 0.2333 10.00 34164
s b 0 10.01 0.2353 10.00 34174
s b 0 10.01 0.2353 10.00 34184
s b 0 10.01 0.2353 10.00 34194
s b 0 10.01 0.2353 10.00 34204
s b 0 10.01 0.2352 10.00 34214
s b 0 9.97 0.2373 10.00 34224
s b 0 9.97 0.2373 10.00 34234
s b 0 9.96 0.2380 10.00 34244
s b 0 9.96 0.2381 10.00 34254
s b 0 9.96 0.2381 10.00 34264
s b 0 9.96 0.2381 10.00 34274
s b 0 9.97 0.2375 10.00 34284
s b 0 10.04 0.2341 10.00 34294
s b 0 10.07 0.2327 10.00 34304
s b 0 10.07 0.2326 10.00 34314
s b 0 10.07 0.2325 10.00 34324
s b 0 10.07 0.2325 10.00 34334
s b 0 10.07 0.2324 10.00 34344
s b 0 10.07 0.2323 10.00 34354
s b 0 10.07 0.2323 10.00 34364
s b 0 10.04 0.2336 10.00 34374
s b 0 10.01 0.2349 10.00 34384
s b 0 9.99 0.2363 10.00 34394
s b 0 9.99 0.2363 10.00 34404
s b 0 9.97 0.2370 10.00 34414
s b 0 9.97 0.2370 10.00 34424
s b 0 9.97 0.2370 10.00 34434
s b 0 9.97 0.2370 10.00 34444
s b 0 9.99 0.2364 10.00 34454
s b 0 9.99 0.2364 10.00 34464
s b 0 10.00 0.2357 10.00 34474
s b 0 9.97 0.2371 10.00 34484
s b 0 10.00 0.2357 10.00 34494
s b 0 10.01 0.2351 10.00 34504
s b 0 10.01 0.2350 10.00 34514
s b 0 10.04 0.2337 10.00 34524
s b 0 10.04 0.2336 10.00 34534
s b 0 10.04 0.2336 10.00 34544
s b 0 10.04 0.2335 10.00 34554
s b 0 10.04 0.2335 10.00 34564
s b 0 10.04 0.2334 10.00 34574
s b 0 10.04 0.2334 10.00 34584
s b 0 10.04 0.2334 10.00 34594
s b 0 10.04 0.2333 10.00 34604
s b 0 10.04 0.2333 10.00 34614
s b 0 10.03 0.2339 10.00 34624
s b 0 10.03 0.2339 10.00 34634
s b 0 9.97 0.2366 10.00 34644
s b 0 9.97 0.2366 10.00 34654
s b 0 9.97 0.2367 10.00 34664
s b 0 9.97 0.2367 10.00 34674
s b 0 9.99 0.2360 10.00 34684
s b 0 9.97 0.2367 10.00 34694
s b 0 9.97 0.2368 10.00 34704
s b 0 9.97 0.2368 10.00 34714
s b 0 9.97 0.2368 10.00 34724
s b 0 9.99 0.2361 10.00 34734
s b 0 10.03 0.2341 10.00 34744
s b 0 10.03 0.2341 10.00 34754
s b 0 10.03 0.2340 10.00 34764
s b 0 10.01 0.2347 10.00 34774
s b 0 10.01 0.2347 10.00 34784
s b 0 10.01 0.2347 10.00 34794
s b 0 10.01 0.2347 10.00 34804
s b 0 10.01 0.2346 10.00 34814
s b 0 10.01 0.2346 10.00 34824
s b 0 10.01 0.2346 10.00 34834
s b 0 10.01 0.2346 10.00 34844
s b 0 10.01 0.2346 10.00 34854
s b 0 10.01 0.2346 10.00 34864
s b 0 10.01 0.2345 10.00 34874
s b 0 10.01 0.2345 10.00 34884
s b 0 10.01 0.2345 10.00 34894
s b 0 10.03 0.2338 10.00 34904
s b 0 10.03 0.2338 10.00 34914
s b 0 10.03 0.2338 10.00 34924
s b 0 10.01 0.2344 10.00 34934
s b 0 10.03 0.2337 10.00 34944
s b 0 10.01 0.2344 10.00 34954
s b 0 10.03 0.2337 10.00 34964
s b 0 10.03 0.2336 10.00 34974
s b 0 10.03 0.2336 10.00 34984
s b 0 10.01 0.2343 10.00 34994
s b 0 10.01 0.2343 10.00 35004
s b 0 10.01 0.2342 10.00 35014
s b 0 9.96 0.2370 10.00 35024
s b 0 9.96 0.2370 10.00 35034
s b 0 10.01 0.2343 10.00 35044
s b 0 9.97 0.2364 10.00 35054
s b 0 10.01 0.2343 10.00 35064
s b 0 9.97 0.2364 10.00 35074
s b 0 10.01 0.2343 10.00 35084
s b 0 10.01 0.2343 10.00 35094
s b 0 10.03 0.2336 10.00 35104
s b 0 10.03 0.2336 10.00 35114
s b 0 10.03 0.2336 10.00 35124
s b 0 10.03 0.2335 10.00 35134
s b 0 10.01 0.2342 10.00 35144
s b 0 10.01 0.2342 10.00 35154
s b 0 10.01 0.2342 10.00 35164
s b 0 10.01 0.2341 10.00 35174
s b 0 10.01 0.2341 10.00 35184
s b 0 10.00 0.2348 10.00 35194
s b 0 9.99 0.2355 10.00 35204
s b 0 9.99 0.2355 10.00 35214
s b 0 9.99 0.2355 10.00 35224
s b 0 9.99 0.2355 10.00 35234
s b 0 9.97 0.2362 10.00 35244
s b 0 9.97 0.2362 10.00 35254
s b 0 9.97 0.2363 10.00 35264
s b 0 9.97 0.2363 10.00 35274
s b 0 9.99 0.2356 10.00 35284
s b 0 9.99 0.2357 10.00 35294
s b 0 9.99 0.2357 10.00 35304
s b 0 9.97 0.2364 10.00 35314
s b 0 9.97 0.2364 10.00 35324
s b 0 9.97 0.2364 10.00 35334
s b 0 9.97 0.2364 10.00 35344
s b 0 10.01 0.2344 10.00 35354
s b 0 10.01 0.2344 10.00 35364
s b 0 10.01 0.2344 10.00 35374
s b 0 9.97 0.2364 10.00 35384
s b 0 9.97 0.2365 10.00 35394
s b 0 9.99 0.2358 10.00 35404
s b 0 9.99 0.2358 10.00 35414
s b 0 10.01 0.2344 10.00 35424
s b 0 10.03 0.2337 10.00 35434
s b 0 10.01 0.2344 10.00 35444
s b 0 10.01 0.2344 10.00 35454
s b 0 10.01 0.2344 10.00 35464
s b 0 10.01 0.2344 10.00 35474
s b 0 9.99 0.2357 10.00 35484
s b 0 9.99 0.2357 10.00 35494
s b 0 10.01 0.2344 10.00 35504
s b 0 10.01 0.2344 10.00 35514
s b 0 10.01 0.2343 10.00 35524
s b 0 10.01 0.2343 10.00 35534
s b 0 10.01 0.2343 10.00 35544
s b 0 9.99 0.2357 10.00 35554
s b 0 10.01 0.2343 10.00 35564
s b 0 10.01 0.2343 10.00 35574
s b 0 10.01 0.2343 10.00 35584
s b 0 10.03 0.2336 10.00 35594
s b 0 10.03 0.2335 10.00 35604
s b 0 10.01 0.2342 10.00 35614
s b 0 10.01 0.2342 10.00 35624
s b 0 10.03 0.2335 10.00 35634
s b 0 10.01 0.2341 10.00 35644
s b 0 10.03 0.2334 10.00 35654
s b 0 10.03 0.2334 10.00 35664
s b 0 10.01 0.2341 10.00 35674
s b 0 9.99 0.2354 10.00 35684
s b 0 9.99 0.2354 10.00 35694
s b 0 9.97 0.2361 10.00 35704
s b 0 9.97 0.2362 10.00 35714
s b 0 9.97 0.2362 10.00 35724
s b 0 9.96 0.2369 10.00 35734
s b 0 9.96 0.2369 10.00 35744
s b 0 9.96 0.2370 10.00 35754
s b 0 9.96 0.2370 10.00 35764
s b 0 9.97 0.2364 10.00 35774
s b 0 9.97 0.2364 10.00 35784
s b 0 10.00 0.2351 10.00 35794
s b 0 10.01 0.2344 10.00 35804
s b 0 10.03 0.2337 10.00 35814
s b 0 10.03 0.2336 10.00 35824
s b 0 10.03 0.2336 10.00 35834
s b 0 10.03 0.2336 10.00 35844
s b 0 10.03 0.2336 10.00 35854
s b 0 10.03 0.2335 10.00 35864
s b 0 10.03 0.2335 10.00 35874
s b 0 10.01 0.2342 10.00 35884
s b 0 10.01 0.2341 10.00 35894
s b 0 10.01 0.2341 10.00 35904
s b 0 10.01 0.2341 10.00 35914
s b 0 9.97 0.2362 10.00 35924
s b 0 9.97 0.2362 10.00 35934
s b 0 9.97 0.2362 10.00 35944
s b 0 10.01 0.2342 10.00 35954
s b 0 10.01 0.2342 10.00 35964
s b 0 9.97 0.2362 10.00 35974
s b 0 9.97 0.2362 10.00 35984
s b 0 9.97 0.2363 10.00 35994
s b 0 9.99 0.2356 10.00 36004
s b 0 9.99 0.2356 10.00 36014
s b 0 10.00 0.2349 10.00 36024
s b 0 10.00 0.2349 10.00 36034
s b 0 10.01 0.2343 10.00 36044
s b 0 10.00 0.2349 10.00 36054
s b 0 10.00 0.2349 10.00 36064
s b 0 10.00 0.2349 10.00 36074
s b 0 10.04 0.2329 10.00 36084
s b 0 10.04 0.2328 10.00 36094
s b 0 10.04 0.2328 10.00 36104
s b 0 10.01 0.2341 10.00 36114
s b 0 10.01 0.2341 10.00 36124
s b 0 10.04 0.2327 10.00 36134
s b 0 10.04 0.2327 10.00 36144
s b 0 10.04 0.2326 10.00 36154
s b 0 10.04 0.2326 10.00 36164
s b 0 10.03 0.2332 10.00 36174
s b 0 10.01 0.2339 10.00 36184
s b 0 10.01 0.2339 10.00 36194
s b 0 10.00 0.2345 10.00 36204
s b 0 10.00 0.2345 10.00 36214
s b 0 9.99 0.2352 10.00 36224
s b 0 9.99 0.2352 10.00 36234
s b 0 9.97 0.2359 10.00 36244
s b 0 9.96 0.2366 10.00 36254
s b 0 9.95 0.2374 10.00 36264
s b 0 9.96 0.2367 10.00 36274
s b 0 9.96 0.2368 10.00 36284
s b 0 9.96 0.2368 10.00 36294
s b 0 9.96 0.2369 10.00 36304
s b 0 9.97 0.2362 10.00 36314
s b 0 9.97 0.2362 10.00 36324
s b 0 9.97 0.2363 10.00 36334
s b 0 9.99 0.2356 10.00 36344
s b 0 9.99 0.2356 10.00 36354
s b 0 10.01 0.2343 10.00 36364
s b 0 10.03 0.2336 10.00 36374
s b 0 10.03 0.2335 10.00 36384
s b 0 10.04 0.2328 10.00 36394
s b 0 10.03 0.2335 10.00 36404
s b 0 10.03 0.2334 10.00 36414
s b 0 10.03 0.2334 10.00 36424
s b 0 10.03 0.2334 10.00 36434
s b 0 10.03 0.2333 10.00 36444
s b 0 10.03 0.2333 10.00 36454
s b 0 10.03 0.2333 10.00 36464
s b 0 10.01 0.2339 10.00 36474
s b 0 9.99 0.2353 10.00 36484
s b 0 9.97 0.2360 10.00 36494
s b 0 9.97 0.2360 10.00 36504
s b 0 9.97 0.2360 10.00 36514
s b 0 9.97 0.2361 10.00 36524
s b 0 9.99 0.2354 10.00 36534
s b 0 9.97 0.2361 10.00 36544
s b 0 9.99 0.2355 10.00 36554
s b 0 10.01 0.2341 10.00 36564
s b 0 10.01 0.2341 10.00 36574
s b 0 10.01 0.2341 10.00 36584
s b 0 10.01 0.2340 10.00 36594
s b 0 10.01 0.2340 10.00 36604
s b 0 10.01 0.2340 10.00 36614
s b 0 10.01 0.2340 10.00 36624
s b 0 10.01 0.2340 10.00 36634
s b 0 10.01 0.2340 10.00 36644
s b 0 10.01 0.2340 10.00 36654
s b 0 10.01 0.2339 10.00 36664
s b 0 10.01 0.2339 10.00 36674
s b 0 9.97 0.2360 10.00 36684
s b 0 9.97 0.2360 10.00 36694
s b 0 9.97 0.2360 10.00 36704
s b 0 9.97 0.2361 10.00 36714
s b 0 10.01 0.2340 10.00 36724
s b 0 10.01 0.2340 10.00 36734
s b 0 10.03 0.2333 10.00 36744
s b 0 10.03 0.2333 10.00 36754
s b 0 10.03 0.2332 10.00 36764
s b 0 10.03 0.2332 10.00 36774
s b 0 10.03 0.2332 10.00 36784
s b 0 10.03 0.2332 10.00 36794
s b 0 10.03 0.2331 10.00 36804
s b 0 10.03 0.2331 10.00 36814
s b 0 10.03 0.2331 10.00 36824
s b 0 10.03 0.2330 10.00 36834
s b 0 10.03 0.2330 10.00 36844
s b 0 10.03 0.2330 10.00 36854
s b 0 10.01 0.2336 10.00 36864
s b 0 10.01 0.2336 10.00 36874
s b 0 10.03 0.2329 10.00 36884
s b 0 10.03 0.2329 10.00 36894
s b 0 10.01 0.2336 10.00 36904
s b 0 10.01 0.2335 10.00 36914
s b 0 10.01 0.2335 10.00 36924
s b 0 10.03 0.2328 10.00 36934
s b 0 10.01 0.2335 10.00 36944
s b 0 10.00 0.2342 10.00 36954
s b 0 9.99 0.2348 10.00 36964
s b 0 9.99 0.2349 10.00 36974
s b 0 9.99 0.2349 10.00 36984
s b 0 9.96 0.2363 10.00 36994
s b 0 9.96 0.2363 10.00 37004
s b 0 9.96 0.2363 10.00 37014
s b 0 9.96 0.2364 10.00 37024
s b 0 9.96 0.2364 10.00 37034
s b 0 9.96 0.2365 10.00 37044
s b 0 9.99 0.2351 10.00 37054
s b 0 9.99 0.2351 10.00 37064
s b 0 10.01 0.2338 10.00 37074
s b 0 10.01 0.2338 10.00 37084
s b 0 10.03 0.2331 10.00 37094
s b 0 10.03 0.2330 10.00 37104
s b 0 10.03 0.2330 10.00 37114
s b 0 10.03 0.2330 10.00 37124
s b 0 10.01 0.2336 10.00 37134
s b 0 10.04 0.2322 10.00 37144
s b 0 10.04 0.2322 10.00 37154
s b 0 10.04 0.2322 10.00 37164
s b 0 10.01 0.2335 10.00 37174
s b 0 10.00 0.2342 10.00 37184
s b 0 9.99 0.2348 10.00 37194
s b 0 9.96 0.2362 10.00 37204
s b 0 9.97 0.2356 10.00 37214
s b 0 9.97 0.2356 10.00 37224
s b 0 9.97 0.2356 10.00 37234
s b 0 9.97 0.2357 10.00 37244
s b 0 9.96 0.2364 10.00 37254
s b 0 9.97 0.2357 10.00 37264
s b 0 9.97 0.2358 10.00 37274
s b 0 9.96 0.2365 10.00 37284
s b 0 9.97 0.2358 10.00 37294
s b 0 9.97 0.2358 10.00 37304
s b 0 9.99 0.2352 10.00 37314
s b 0 10.01 0.2338 10.00 37324
s b 0 10.01 0.2338 10.00 37334
s b 0 10.03 0.2331 10.00 37344
s b 0 10.03 0.2331 10.00 37354
s b 0 10.03 0.2331 10.00 37364
s b 0 10.04 0.2323 10.00 37374
s b 0 10.04 0.2323 10.00 37384
s b 0 10.04 0.2323 10.00 37394
s b 0 10.04 0.2322 10.00 37404
s b 0 10.04 0.2322 10.00 37414
s b 0 10.03 0.2328 10.00 37424
s b 0 10.03 0.2328 10.00 37434
s b 0 10.01 0.2334 10.00 37444
s b 0 9.97 0.2355 10.00 37454
s b 0 9.97 0.2355 10.00 37464
s b 0 9.97 0.2355 10.00 37474
s b 0 9.97 0.2356 10.00 37484
s b 0 9.97 0.2356 10.00 37494
s b 0 9.97 0.2356 10.00 37504
s b 0 9.97 0.2356 10.00 37514
s b 0 9.97 0.2357 10.00 37524
s b 0 9.97 0.2357 10.00 37534
s b 0 9.97 0.2357 10.00 37544
s b 0 9.99 0.2351 10.00 37554
s b 0 9.99 0.2351 10.00 37564
s b 0 9.99 0.2351 10.00 37574
s b 0 9.99 0.2351 10.00 37584
s b 0 9.99 0.2351 10.00 37594
s b 0 9.99 0.2351 10.00 37604
s b 0 9.99 0.2351 10.00 37614
s b 0 10.01 0.2338 10.00 37624
s b 0 10.01 0.2338 10.00 37634
s b 0 9.99 0.2351 10.00 37644
s b 0 9.99 0.2351 10.00 37654
s b 0 9.99 0.2351 10.00 37664
s b 0 9.99 0.2352 10.00 37674
s b 0 9.99 0.2352 10.00 37684
s b 0 10.01 0.2338 10.00 37694
s b 0 10.01 0.2338 10.00 37704
s b 0 10.00 0.2345 10.00 37714
s b 0 10.00 0.2345 10.00 37724
s b 0 9.99 0.2352 10.00 37734
s b 0 9.99 0.2352 10.00 37744
s b 0 9.97 0.2359 10.00 37754
s b 0 10.00 0.2345 10.00 37764
s b 0 10.00 0.2345 10.00 37774
s b 0 10.03 0.2331 10.00 37784
s b 0 10.03 0.2331 10.00 37794
s b 0 10.01 0.2338 10.00 37804
s b 0 10.00 0.2344 10.00 37814
s b 0 9.97 0.2358 10.00 37824
s b 0 9.97 0.2358 10.00 37834
s b 0 9.97 0.2359 10.00 37844
s b 0 9.97 0.2359 10.00 37854
s b 0 9.97 0.2359 10.00 37864
s b 0 9.97 0.2359 10.00 37874
s b 0 9.97 0.2360 10.00 37884
s b 0 9.97 0.2360 10.00 37894
s b 0 9.97 0.2360 10.00 37904
s b 0 9.97 0.2361 10.00 37914
s b 0 9.99 0.2354 10.00 37924
s b 0 10.00 0.2347 10.00 37934
s b 0 10.01 0.2340 10.00 37944
s b 0 10.03 0.2333 10.00 37954
s b 0 10.03 0.2333 10.00 37964
s b 0 10.03 0.2333 10.00 37974
s b 0 10.04 0.2326 10.00 37984
s b 0 10.04 0.2325 10.00 37994
s b 0 10.03 0.2332 10.00 38004
s b 0 10.03 0.2331 10.00 38014
s b 0 10.03 0.2331 10.00 38024
s b 0 10.01 0.2338 10.00 38034
s b 0 10.01 0.2337 10.00 38044
s b 0 10.01 0.2337 10.00 38054
s b 0 10.01 0.2337 10.00 38064
s b 0 10.01 0.2337 10.00 38074
s b 0 10.01 0.2337 10.00 38084
s b 0 9.99 0.2350 10.00 38094
s b 0 9.99 0.2351 10.00 38104
s b 0 10.00 0.2344 10.00 38114
s b 0 10.00 0.2344 10.00 38124
s b 0 10.01 0.2337 10.00 38134
s b 0 10.00 0.2344 10.00 38144
s b 0 10.00 0.2344 10.00 38154
s b 0 9.99 0.2350 10.00 38164
s b 0 10.00 0.2344 10.00 38174
s b 0 10.01 0.2337 10.00 38184
s b 0 10.01 0.2337 10.00 38194
s b 0 10.01 0.2337 10.00 38204
s b 0 10.01 0.2336 10.00 38214
s b 0 10.01 0.2336 10.00 38224
s b 0 10.01 0.2336 10.00 38234
s b 0 9.99 0.2350 10.00 38244
s b 0 10.01 0.2336 10.00 38254
s b 0 9.99 0.2350 10.00 38264
s b 0 9.99 0.2350 10.00 38274
s b 0 9.99 0.2350 10.00 38284
s b 0 9.97 0.2357 10.00 38294
s b 0 9.99 0.2350 10.00 38304
s b 0 9.99 0.2350 10.00 38314
s b 0 9.97 0.2357 10.00 38324
s b 0 9.96 0.2365 10.00 38334
s b 0 9.97 0.2358 10.00 38344
s b 0 10.01 0.2338 10.00 38354
s b 0 10.01 0.2338 10.00 38364
s b 0 10.03 0.2331 10.00 38374
s b 0 10.03 0.2330 10.00 38384
s b 0 10.03 0.2330 10.00 38394
s b 0 10.03 0.2330 10.00 38404
s b 0 10.03 0.2329 10.00 38414
s b 0 10.01 0.2336 10.00 38424
s b 0 10.01 0.2336 10.00 38434
s b 0 10.01 0.2336 10.00 38444
s b 0 10.01 0.2336 10.00 38454
s b 0 10.01 0.2335 10.00 38464
s b 0 10.00 0.2342 10.00 38474
s b 0 10.00 0.2342 10.00 38484
s b 0 10.00 0.2342 10.00 38494
s b 0 9.96 0.2363 10.00 38504
s b 0 10.00 0.2343 10.00 38514
s b 0 10.00 0.2343 10.00 38524
s b 0 10.00 0.2343 10.00 38534
s b 0 10.01 0.2336 10.00 38544
s b 0 10.04 0.2322 10.00 38554
s b 0 10.04 0.2321 10.00 38564
s b 0 10.06 0.2314 10.00 38574
s b 0 10.06 0.2313 10.00 38584
s b 0 10.04 0.2320 10.00 38594
s b 0 10.03 0.2326 10.00 38604
s b 0 10.03 0.2326 10.00 38614
s b 0 9.97 0.2353 10.00 38624
s b 0 9.96 0.2360 10.00 38634
s b 0 9.97 0.2354 10.00 38644
s b 0 9.97 0.2354 10.00 38654
s b 0 9.96 0.2361 10.00 38664
s b 0 9.96 0.2362 10.00 38674
s b 0 9.93 0.2376 10.00 38684
s b 0 9.93 0.2376 10.00 38694
s b 0 9.95 0.2370 10.00 38704
s b 0 9.95 0.2371 10.00 38714
s b 0 9.97 0.2358 10.00 38724
s b 0 9.97 0.2358 10.00 38734
s b 0 10.00 0.2344 10.00 38744
s b 0 9.97 0.2358 10.00 38754
s b 0 9.97 0.2358 10.00 38764
s b 0 10.00 0.2345 10.00 38774
s b 0 10.03 0.2331 10.00 38784
s b 0 10.03 0.2331 10.00 38794
s b 0 10.03 0.2331 10.00 38804
s b 0 10.04 0.2323 10.00 38814
s b 0 10.04 0.2323 10.00 38824
s b 0 10.04 0.2323 10.00 38834
s b 0 10.03 0.2329 10.00 38844
s b 0 10.01 0.2336 10.00 38854
s b 0 10.01 0.2335 10.00 38864
s b 0 10.00 0.2342 10.00 38874
s b 0 10.00 0.2342 10.00 38884
s b 0 10.00 0.2342 10.00 38894
s b 0 10.00 0.2342 10.00 38904
s b 0 9.96 0.2363 10.00 38914
s b 0 9.96 0.2363 10.00 38924
s b 0 9.96 0.2363 10.00 38934
s b 0 9.97 0.2357 10.00 38944
s b 0 10.00 0.2344 10.00 38954
s b 0 10.00 0.2344 10.00 38964
s b 0 9.97 0.2357 10.00 38974
s b 0 9.97 0.2358 10.00 38984
s b 0 9.99 0.2351 10.00 38994
s b 0 9.97 0.2358 10.00 39004
s b 0 9.99 0.2351 10.00 39014
s b 0 9.99 0.2351 10.00 39024
s b 0 10.01 0.2338 10.00 39034
s b 0 10.01 0.2338 10.00 39044
s b 0 10.01 0.2338 10.00 39054
s b 0 10.01 0.2337 10.00 39064
s b 0 10.01 0.2337 10.00 39074
s b 0 10.01 0.2337 10.00 39084
s b 0 10.01 0.2337 10.00 39094
s b 0 10.01 0.2337 10.00 39104
s b 0 10.01 0.2337 10.00 39114
s b 0 10.01 0.2336 10.00 39124
s b 0 10.01 0.2336 10.00 39134
s b 0 10.01 0.2336 10.00 39144
s b 0 10.01 0.2336 10.00 39154
s b 0 10.00 0.2343 10.00 39164
s b 0 9.99 0.2350 10.00 39174
s b 0 9.99 0.2350 10.00 39184
s b 0 9.99 0.2350 10.00 39194
s b 0 9.99 0.2350 10.00 39204
s b 0 9.99 0.2350 10.00 39214
s b 0 9.99 0.2350 10.00 39224
s b 0 9.99 0.2350 10.00 39234
s b 0 9.99 0.2350 10.00 39244
s b 0 9.99 0.2351 10.00 39254
s b 0 9.99 0.2351 10.00 39264
s b 0 10.01 0.2337 10.00 39274
s b 0 10.04 0.2323 10.00 39284
s b 0 10.04 0.2323 10.00 39294
s b 0 10.04 0.2322 10.00 39304
s b 0 10.04 0.2322 10.00 39314
s b 0 10.04 0.2322 10.00 39324
s b 0 10.04 0.2321 10.00 39334
s b 0 10.01 0.2334 10.00 39344
s b 0 10.03 0.2327 10.00 39354
s b 0 10.01 0.2334 10.00 39364
s b 0 10.00 0.2341 10.00 39374
s b 0 9.99 0.2348 10.00 39384
s b 0 9.96 0.2361 10.00 39394
s b 0 9.95 0.2369 10.00 39404
s b 0 9.95 0.2369 10.00 39414
s b 0 9.95 0.2370 10.00 39424
s b 0 9.95 0.2370 10.00 39434
s b 0 9.96 0.2364 10.00 39444
s b 0 9.96 0.2364 10.00 39454
s b 0 9.95 0.2372 10.00 39464
s b 0 9.96 0.2365 10.00 39474
s b 0 9.97 0.2359 10.00 39484
s b 0 9.99 0.2352 10.00 39494
s b 0 10.01 0.2339 10.00 39504
s b 0 10.01 0.2339 10.00 39514
s b 0 10.01 0.2338 10.00 39524
s b 0 10.04 0.2324 10.00 39534
s b 0 10.04 0.2324 10.00 39544
s b 0 10.04 0.2324 10.00 39554
s b 0 10.04 0.2323 10.00 39564
s b 0 10.04 0.2323 10.00 39574
s b 0 10.04 0.2322 10.00 39584
s b 0 10.03 0.2329 10.00 39594
s b 0 10.03 0.2329 10.00 39604
s b 0 10.01 0.2335 10.00 39614
s b 0 9.99 0.2349 10.00 39624
s b 0 9.96 0.2363 10.00 39634
s b 0 9.96 0.2363 10.00 39644
s b 0 9.96 0.2363 10.00 39654
s b 0 9.96 0.2364 10.00 39664
s b 0 9.96 0.2364 10.00 39674
s b 0 9.96 0.2365 10.00 39684
s b 0 9.97 0.2358 10.00 39694
s b 0 9.97 0.2358 10.00 39704
s b 0 9.97 0.2359 10.00 39714
s b 0 9.97 0.2359 10.00 39724
s b 0 9.97 0.2359 10.00 39734
s b 0 9.99 0.2353 10.00 39744
s b 0 10.01 0.2339 10.00 39754
s b 0 10.03 0.2332 10.00 39764
s b 0 10.03 0.2332 10.00 39774
s b 0 10.03 0.2331 10.00 39784
s b 0 10.06 0.2317 10.00 39794
s b 0 10.06 0.2317 10.00 39804
s b 0 10.06 0.2316 10.00 39814
s b 0 10.06 0.2316 10.00 39824
s b 0 10.06 0.2315 10.00 39834
s b 0 10.04 0.2321 10.00 39844
s b 0 10.03 0.2328 10.00 39854
s b 0 10.00 0.2341 10.00 39864
s b 0 9.99 0.2348 10.00 39874
s b 0 9.97 0.2355 10.00 39884
s b 0 9.97 0.2355 10.00 39894
s b 0 9.97 0.2356 10.00 39904
s b 0 9.95 0.2370 10.00 39914
s b 0 9.95 0.2370 10.00 39924
s b 0 9.95 0.2371 10.00 39934
s b 0 10.00 0.2344 10.00 39944
s b 0 9.99 0.2351 10.00 39954
s b 0 9.97 0.2358 10.00 39964
s b 0 9.99 0.2351 10.00 39974
s b 0 9.99 0.2351 10.00 39984
s b 0 10.01 0.2338 10.00 39994
s b 0 10.01 0.2337 10.00 40004
s b 0 10.01 0.2337 10.00 40014
s b 0 10.01 0.2337 10.00 40024
s b 0 10.01 0.2337 10.00 40034
s b 0 10.03 0.2330 10.00 40044
s b 0 9.99 0.2350 10.00 40054
s b 0 9.97 0.2357 10.00 40064
s b 0 10.03 0.2330 10.00 40074
s b 0 9.99 0.2350 10.00 40084
s b 0 10.03 0.2330 10.00 40094
s b 0 9.99 0.2350 10.00 40104
s b 0 9.97 0.2357 10.00 40114
s b 0 9.97 0.2357 10.00 40124
s b 0 9.97 0.2358 10.00 40134
s b 0 9.99 0.2351 10.00 40144
s b 0 9.99 0.2351 10.00 40154
s b 0 9.99 0.2351 10.00 40164
s b 0 9.99 0.2351 10.00 40174
s b 0 9.99 0.2352 10.00 40184
s b 0 9.99 0.2352 10.00 40194
s b 0 9.97 0.2359 10.00 40204
s b 0 9.99 0.2352 10.00 40214
s b 0 9.99 0.2352 10.00 40224
s b 0 10.03 0.2332 10.00 40234
s b 0 10.03 0.2331 10.00 40244
s b 0 10.01 0.2338 10.00 40254
s b 0 10.01 0.2338 10.00 40264
s b 0 10.01 0.2338 10.00 40274
s b 0 10.03 0.2331 10.00 40284
s b 0 10.01 0.2337 10.00 40294
s b 0 10.01 0.2337 10.00 40304
s b 0 10.01 0.2337 10.00 40314
s b 0 9.99 0.2351 10.00 40324
s b 0 9.97 0.2358 10.00 40334
s b 0 9.97 0.2358 10.00 40344
s b 0 9.97 0.2358 10.00 40354
s b 0 9.97 0.2358 10.00 40364
s b 0 9.99 0.2352 10.00 40374
s b 0 10.03 0.2331 10.00 40384
s b 0 10.00 0.2345 10.00 40394
s b 0 10.00 0.2345 10.00 40404
s b 0 10.00 0.2345 10.00 40414
s b 0 10.00 0.2345 10.00 40424
s b 0 10.00 0.2345 10.00 40434
s b 0 10.00 0.2345 10.00 40444
s b 0 10.00 0.2345 10.00 40454
s b 0 10.00 0.2345 10.00 40464
s b 0 10.00 0.2345 10.00 40474
s b 0 10.00 0.2345 10.00 40484
s b 0 9.99 0.2352 10.00 40494
s b 0 9.99 0.2352 10.00 40504
s b 0 9.99 0.2352 10.00 40514
s b 0 9.99 0.2352 10.00 40524
s b 0 9.99 0.2352 10.00 40534
s b 0 9.99 0.2352 10.00 40544
s b 0 9.99 0.2352 10.00 40554
s b 0 9.99 0.2352 10.00 40564
s b 0 9.99 0.2353 10.00 40574
s b 0 9.99 0.2353 10.00 40584
s b 0 9.99 0.2353 10.00 40594
s b 0 10.01 0.2339 10.00 40604
s b 0 10.01 0.2339 10.00 40614
s b 0 10.01 0.2339 10.00 40624
s b 0 10.01 0.2339 10.00 40634
s b 0 10.01 0.2339 10.00 40644
s b 0 10.01 0.2338 10.00 40654
s b 0 10.01 0.2338 10.00 40664
s b 0 10.01 0.2338 10.00 40674
s b 0 10.01 0.2338 10.00 40684
s b 0 9.99 0.2352 10.00 40694
s b 0 9.99 0.2352 10.00 40704
s b 0 9.99 0.2352 10.00 40714
s b 0 9.99 0.2352 10.00 40724
s b 0 9.99 0.2352 10.00 40734
s b 0 9.99 0.2352 10.00 40744
s b 0 9.99 0.2352 10.00 40754
s b 0 9.99 0.2352 10.00 40764
s b 0 9.99 0.2353 10.00 40774
s b 0 9.99 0.2353 10.00 40784
s b 0 9.99 0.2353 10.00 40794
s b 0 9.99 0.2353 10.00 40804
s b 0 9.99 0.2353 10.00 40814
s b 0 9.99 0.2353 10.00 40824
s b 0 9.99 0.2353 10.00 40834
s b 0 10.01 0.2340 10.00 40844
s b 0 10.01 0.2340 10.00 40854
s b 0 9.99 0.2353 10.00 40864
s b 0 10.01 0.2340 10.00 40874
s b 0 10.01 0.2339 10.00 40884
s b 0 10.01 0.2339 10.00 40894
s b 0 10.01 0.2339 10.00 40904
s b 0 10.01 0.2339 10.00 40914
s b 0 10.01 0.2339 10.00 40924
s b 0 10.01 0.2339 10.00 40934
s b 0 10.03 0.2332 10.00 40944
s b 0 10.01 0.2338 10.00 40954
s b 0 10.01 0.2338 10.00 40964
s b 0 10.01 0.2338 10.00 40974
s b 0 10.01 0.2338 10.00 40984
s b 0 10.01 0.2338 10.00 40994
s b 0 10.01 0.2337 10.00 41004
s b 0 10.01 0.2337 10.00 41014
ack
s b 0 10.01 1.0000 35.00 41024
s b 0 10.01 1.0000 35.00 41034
s b 0 10.01 1.0000 35.00 41044
s b 0 10.01 1.0000 35.00 41054
s b 0 19.16 1.0000 35.00 41064
s b 0 19.16 1.0000 35.00 41074
s b 0 19.16 1.0000 35.00 41084
s b 0 19.16 1.0000 35.00 41094
s b 0 19.16 1.0000 35.00 41104
s b 0 19.16 1.0000 35.00 41114
s b 0 30.97 1.0000 35.00 41124
s b 0 30.97 1.0000 35.00 41134
s b 0 30.97 1.0000 35.00 41144
s b 0 30.97 1.0000 35.00 41154
s b 0 30.97 1.0000 35.00 41164
s b 0 30.97 1.0000 35.00 41174
s b 0 31.95 1.0000 35.00 41184
s b 0 32.92 1.0000 35.00 41194
s b 0 33.62 1.0000 35.00 41204
s b 0 34.25 1.0000 35.00 41214
s b 0 35.01 0.9892 35.00 41224
s b 0 35.67 0.9563 35.00 41234
s b 0 35.88 0.9452 35.00 41244
s b 0 36.30 0.9233 35.00 41254
s b 0 36.30 0.9220 35.00 41264
s b 0 36.55 0.9079 35.00 41274
s b 0 36.55 0.9064 35.00 41284
s b 0 36.55 0.9048 35.00 41294
s b 0 36.55 0.9033 35.00 41304
s b 0 36.55 0.9017 35.00 41314
s b 0 36.55 0.9002 35.00 41324
s b 0 36.26 0.9135 35.00 41334
s b 0 35.88 0.9312 35.00 41344
s b 0 35.67 0.9407 35.00 41354
s b 0 35.67 0.9400 35.00 41364
s b 0 35.67 0.9394 35.00 41374
s b 0 35.67 0.9387 35.00 41384
s b 0 35.67 0.9380 35.00 41394
s b 0 35.67 0.9374 35.00 41404
s b 0 35.67 0.9367 35.00 41414
s b 0 35.67 0.9360 35.00 41424
s b 0 35.67 0.9354 35.00 41434
s b 0 35.67 0.9347 35.00 41444
s b 0 35.71 0.9319 35.00 41454
s b 0 35.71 0.9312 35.00 41464
s b 0 35.79 0.9264 35.00 41474
s b 0 35.79 0.9256 35.00 41484
s b 0 35.88 0.9206 35.00 41494
s b 0 35.79 0.9239 35.00 41504
s b 0 35.79 0.9231 35.00 41514
s b 0 35.79 0.9223 35.00 41524
s b 0 35.79 0.9215 35.00 41534
s b 0 35.79 0.9207 35.00 41544
s b 0 35.79 0.9199 35.00 41554
s b 0 35.75 0.9212 35.00 41564
s b 0 35.75 0.9205 35.00 41574
s b 0 35.67 0.9239 35.00 41584
s b 0 35.67 0.9232 35.00 41594
s b 0 35.67 0.9225 35.00 41604
s b 0 35.63 0.9240 35.00 41614
s b 0 35.63 0.9233 35.00 41624
s b 0 35.63 0.9227 35.00 41634
s b 0 35.63 0.9221 35.00 41644
s b 0 35.63 0.9214 35.00 41654
s b 0 35.67 0.9187 35.00 41664
s b 0 35.67 0.9181 35.00 41674
s b 0 35.67 0.9174 35.00 41684
s b 0 35.75 0.9126 35.00 41694
s b 0 35.75 0.9118 35.00 41704
s b 0 35.71 0.9132 35.00 41714
s b 0 35.71 0.9124 35.00 41724
s b 0 35.67 0.9138 35.00 41734
s b 0 35.67 0.9131 35.00 41744
s b 0 35.67 0.9125 35.00 41754
s b 0 35.63 0.9139 35.00 41764
s b 0 35.63 0.9133 35.00 41774
s b 0 35.54 0.9168 35.00 41784
s b 0 35.54 0.9162 35.00 41794
s b 0 35.54 0.9157 35.00 41804
s b 0 35.54 0.9151 35.00 41814
s b 0 35.50 0.9167 35.00 41824
s b 0 35.50 0.9162 35.00 41834
s b 0 35.50 0.9157 35.00 41844
s b 0 35.50 0.9152 35.00 41854
s b 0 35.50 0.9147 35.00 41864
s b 0 35.50 0.9142 35.00 41874
s b 0 35.50 0.9137 35.00 41884
s b 0 35.50 0.9131 35.00 41894
s b 0 35.50 0.9126 35.00 41904
s b 0 35.46 0.9142 35.00 41914
s b 0 35.46 0.9137 35.00 41924
s b 0 35.46 0.9133 35.00 41934
s b 0 35.46 0.9128 35.00 41944
s b 0 35.42 0.9144 35.00 41954
s b 0 35.42 0.9140 35.00 41964
s b 0 35.46 0.9115 35.00 41974
s b 0 35.42 0.9131 35.00 41984
s b 0 35.42 0.9127 35.00 41994
s b 0 35.42 0.9123 35.00 42004
s b 0 35.26 0.9201 35.00 42014
s b 0 35.34 0.9157 35.00 42024
s b 0 35.34 0.9154 35.00 42034
s b 0 35.30 0.9171 35.00 42044
s b 0 35.30 0.9168 35.00 42054
s b 0 35.30 0.9165 35.00 42064
s b 0 35.30 0.9162 35.00 42074
s b 0 35.30 0.9159 35.00 42084
s b 0 35.30 0.9156 35.00 42094
s b 0 35.34 0.9133 35.00 42104
s b 0 35.34 0.9129 35.00 42114
s b 0 35.42 0.9085 35.00 42124
s b 0 35.42 0.9081 35.00 42134
s b 0 35.42 0.9076 35.00 42144
s b 0 35.42 0.9072 35.00 42154
s b 0 35.42 0.9068 35.00 42164
s b 0 35.42 0.9064 35.00 42174
s b 0 35.42 0.9060 35.00 42184
s b 0 35.30 0.9117 35.00 42194
s b 0 35.26 0.9135 35.00 42204
s b 0 35.26 0.9132 35.00 42214
s b 0 35.26 0.9130 35.00 42224
s b 0 35.21 0.9148 35.00 42234
s b 0 35.21 0.9145 35.00 42244
s b 0 35.21 0.9143 35.00 42254
s b 0 35.21 0.9141 35.00 42264
s b 0 35.21 0.9139 35.00 42274
s b 0 35.21 0.9137 35.00 42284
s b 0 35.21 0.9135 35.00 42294
s b 0 35.21 0.9133 35.00 42304
s b 0 35.21 0.9130 35.00 42314
s b 0 35.21 0.9128 35.00 42324
s b 0 35.21 0.9126 35.00 42334
s b 0 35.21 0.9124 35.00 42344
s b 0 35.26 0.9101 35.00 42354
s b 0 35.26 0.9099 35.00 42364
s b 0 35.26 0.9096 35.00 42374
s b 0 35.26 0.9094 35.00 42384
s b 0 35.26 0.9091 35.00 42394
s b 0 35.26 0.9089 35.00 42404
s b 0 35.26 0.9086 35.00 42414
s b 0 35.30 0.9063 35.00 42424
s b 0 35.34 0.9039 35.00 42434
s b 0 35.34 0.9036 35.00 42444
s b 0 35.34 0.9033 35.00 42454
s b 0 35.34 0.9029 35.00 42464
s b 0 35.30 0.9046 35.00 42474
s b 0 35.30 0.9044 35.00 42484
s b 0 35.26 0.9061 35.00 42494
s b 0 35.21 0.9079 35.00 42504
s b 0 35.13 0.9118 35.00 42514
s b 0 35.13 0.9116 35.00 42524
s b 0 35.13 0.9115 35.00 42534
s b 0 35.13 0.9114 35.00 42544
s b 0 35.13 0.9112 35.00 42554
s b 0 35.13 0.9111 35.00 42564
s b 0 35.13 0.9110 35.00 42574
s b 0 35.21 0.9068 35.00 42584
s b 0 35.21 0.9065 35.00 42594
s b 0 35.21 0.9063 35.00 42604
s b 0 35.21 0.9061 35.00 42614
s b 0 35.21 0.9059 35.00 42624
s b 0 35.21 0.9057 35.00 42634
s b 0 35.21 0.9055 35.00 42644
s b 0 35.21 0.9053 35.00 42654
s b 0 35.21 0.9050 35.00 42664
s b 0 35.21 0.9048 35.00 42674
s b 0 35.21 0.9046 35.00 42684
s b 0 35.17 0.9064 35.00 42694
s b 0 35.13 0.9083 35.00 42704
s b 0 35.13 0.9082 35.00 42714
s b 0 35.13 0.9081 35.00 42724
s b 0 35.13 0.9079 35.00 42734
s b 0 35.09 0.9098 35.00 42744
s b 0 35.05 0.9118 35.00 42754
s b 0 35.05 0.9117 35.00 42764
s b 0 34.97 0.9158 35.00 42774
s b 0 34.97 0.9158 35.00 42784
s b 0 34.97 0.9158 35.00 42794
s b 0 34.97 0.9158 35.00 42804
s b 0 34.97 0.9159 35.00 42814
s b 0 35.09 0.9098 35.00 42824
s b 0 35.01 0.9138 35.00 42834
s b 0 35.09 0.9097 35.00 42844
s b 0 35.17 0.9055 35.00 42854
s b 0 35.21 0.9033 35.00 42864
s b 0 35.26 0.9010 35.00 42874
s b 0 35.26 0.9008 35.00 42884
s b 0 35.26 0.9005 35.00 42894
s b 0 35.26 0.9003 35.00 42904
s b 0 35.26 0.9000 35.00 42914
s b 0 35.26 0.8997 35.00 42924
s b 0 35.21 0.9015 35.00 42934
s b 0 35.21 0.9013 35.00 42944
s b 0 35.21 0.9011 35.00 42954
s b 0 35.13 0.9050 35.00 42964
s b 0 35.09 0.9069 35.00 42974
s b 0 35.09 0.9068 35.00 42984
s b 0 35.01 0.9108 35.00 42994
s b 0 35.01 0.9108 35.00 43004
s b 0 35.01 0.9108 35.00 43014
s b 0 35.01 0.9108 35.00 43024
s b 0 35.01 0.9108 35.00 43034
s b 0 35.09 0.9067 35.00 43044
s b 0 35.09 0.9066 35.00 43054
s b 0 35.09 0.9065 35.00 43064
s b 0 35.09 0.9064 35.00 43074
s b 0 35.13 0.9043 35.00 43084
s b 0 35.13 0.9041 35.00 43094
s b 0 35.13 0.9040 35.00 43104
s b 0 35.13 0.9039 35.00 43114
s b 0 35.13 0.9037 35.00 43124
s b 0 35.13 0.9036 35.00 43134
s b 0 35.13 0.9035 35.00 43144
s b 0 35.13 0.9033 35.00 43154
s b 0 35.13 0.9032 35.00 43164
s b 0 35.13 0.9031 35.00 43174
s b 0 35.13 0.9029 35.00 43184
s b 0 35.01 0.9089 35.00 43194
s b 0 35.01 0.9089 35.00 43204
s b 0 35.01 0.9089 35.00 43214
s b 0 35.01 0.9089 35.00 43224
s b 0 35.01 0.9089 35.00 43234
s b 0 35.01 0.9089 35.00 43244
s b 0 34.97 0.9109 35.00 43254
s b 0 35.01 0.9089 35.00 43264
s b 0 35.05 0.9068 35.00 43274
s b 0 35.05 0.9068 35.00 43284
s b 0 35.05 0.9067 35.00 43294
s b 0 35.09 0.9046 35.00 43304
s b 0 35.09 0.9046 35.00 43314
s b 0 35.13 0.9024 35.00 43324
s b 0 35.13 0.9023 35.00 43334
s b 0 35.13 0.9022 35.00 43344
s b 0 35.13 0.9020 35.00 43354
s b 0 35.13 0.9019 35.00 43364
s b 0 34.89 0.9140 35.00 43374
s b 0 34.89 0.9141 35.00 43384
s b 0 34.89 0.9142 35.00 43394
s b 0 34.89 0.9143 35.00 43404
s b 0 34.89 0.9144 35.00 43414
s b 0 34.97 0.9105 35.00 43424
s b 0 34.97 0.9105 35.00 43434
s b 0 34.97 0.9105 35.00 43444
s b 0 35.01 0.9085 35.00 43454
s b 0 35.01 0.9085 35.00 43464
s b 0 35.09 0.9044 35.00 43474
s b 0 35.09 0.9043 35.00 43484
s b 0 35.09 0.9042 35.00 43494
s b 0 35.09 0.9042 35.00 43504
s b 0 35.09 0.9041 35.00 43514
s b 0 35.09 0.9040 35.00 43524
s b 0 35.09 0.9039 35.00 43534
s b 0 35.09 0.9038 35.00 43544
s b 0 35.01 0.9078 35.00 43554
s b 0 35.01 0.9078 35.00 43564
s b 0 34.97 0.9098 35.00 43574
s b 0 34.97 0.9098 35.00 43584
s b 0 35.01 0.9078 35.00 43594
s b 0 35.01 0.9078 35.00 43604
s b 0 35.01 0.9078 35.00 43614
s b 0 35.01 0.9078 35.00 43624
s b 0 35.01 0.9078 35.00 43634
s b 0 35.09 0.9037 35.00 43644
s b 0 35.09 0.9036 35.00 43654
s b 0 35.09 0.9035 35.00 43664
s b 0 35.09 0.9034 35.00 43674
s b 0 35.09 0.9033 35.00 43684
s b 0 35.09 0.9032 35.00 43694
s b 0 35.09 0.9031 35.00 43704
s b 0 35.09 0.9030 35.00 43714
s b 0 35.09 0.9030 35.00 43724
s b 0 35.01 0.9069 35.00 43734
s b 0 34.97 0.9090 35.00 43744
s b 0 34.89 0.9131 35.00 43754
s b 0 34.89 0.9132 35.00 43764
s b 0 34.89 0.9133 35.00 43774
s b 0 34.89 0.9134 35.00 43784
s b 0 34.89 0.9135 35.00 43794
s b 0 34.89 0.9136 35.00 43804
s b 0 34.89 0.9137 35.00 43814
s b 0 34.89 0.9138 35.00 43824
s b 0 35.01 0.9079 35.00 43834
s b 0 35.09 0.9038 35.00 43844
s b 0 35.09 0.9037 35.00 43854
s b 0 35.09 0.9036 35.00 43864
s b 0 35.09 0.9035 35.00 43874
s b 0 35.09 0.9034 35.00 43884
s b 0 35.09 0.9033 35.00 43894
s b 0 35.09 0.9032 35.00 43904
s b 0 35.09 0.9031 35.00 43914
s b 0 35.09 0.9030 35.00 43924
s b 0 35.09 0.9029 35.00 43934
s b 0 35.01 0.9069 35.00 43944
s b 0 34.97 0.9090 35.00 43954
s b 0 34.97 0.9090 35.00 43964
s b 0 34.97 0.9090 35.00 43974
s b 0 34.97 0.9090 35.00 43984
s b 0 34.97 0.9091 35.00 43994
s b 0 34.97 0.9091 35.00 44004
s b 0 35.01 0.9071 35.00 44014
s b 0 35.01 0.9071 35.00 44024
s b 0 35.09 0.9030 35.00 44034
s b 0 35.13 0.9009 35.00 44044
s b 0 35.13 0.9007 35.00 44054
s b 0 35.13 0.9006 35.00 44064
s b 0 35.09 0.9025 35.00 44074
s b 0 35.09 0.9024 35.00 44084
s b 0 35.09 0.9023 35.00 44094
s b 0 35.01 0.9063 35.00 44104
s b 0 35.01 0.9063 35.00 44114
s b 0 35.01 0.9063 35.00 44124
s b 0 35.01 0.9063 35.00 44134
s b 0 34.93 0.9103 35.00 44144
s b 0 34.89 0.9124 35.00 44154
s b 0 34.93 0.9105 35.00 44164
s b 0 34.93 0.9106 35.00 44174
s b 0 35.01 0.9066 35.00 44184
s b 0 35.01 0.9066 35.00 44194
s b 0 35.01 0.9066 35.00 44204
s b 0 35.01 0.9066 35.00 44214
s b 0 35.01 0.9066 35.00 44224
s b 0 35.01 0.9065 35.00 44234
s b 0 35.01 0.9065 35.00 44244
s b 0 35.01 0.9065 35.00 44254
s b 0 35.01 0.9065 35.00 44264
s b 0 35.01 0.9065 35.00 44274
s b 0 34.97 0.9085 35.00 44284
s b 0 34.97 0.9086 35.00 44294
s b 0 34.97 0.9086 35.00 44304
s b 0 34.97 0.9086 35.00 44314
s b 0 34.97 0.9087 35.00 44324
s b 0 34.93 0.9107 35.00 44334
s b 0 34.93 0.9108 35.00 44344
s b 0 34.93 0.9109 35.00 44354
s b 0 34.97 0.9089 35.00 44364
s b 0 34.97 0.9089 35.00 44374
s b 0 34.97 0.9090 35.00 44384
s b 0 35.01 0.9070 35.00 44394
s b 0 35.01 0.9069 35.00 44404
s b 0 35.05 0.9049 35.00 44414
s b 0 35.09 0.9028 35.00 44424
s b 0 35.09 0.9027 35.00 44434
s b 0 35.09 0.9026 35.00 44444
s b 0 35.09 0.9025 35.00 44454
s b 0 35.09 0.9024 35.00 44464
s b 0 35.09 0.9023 35.00 44474
s b 0 35.09 0.9023 35.00 44484
s b 0 35.09 0.9022 35.00 44494
s b 0 35.01 0.9062 35.00 44504
s b 0 35.01 0.9061 35.00 44514
s b 0 34.97 0.9082 35.00 44524
s b 0 34.97 0.9082 35.00 44534
s b 0 34.93 0.9103 35.00 44544
s b 0 34.93 0.9103 35.00 44554
s b 0 34.97 0.9084 35.00 44564
s b 0 34.97 0.9084 35.00 44574
s b 0 34.97 0.9084 35.00 44584
s b 0 34.97 0.9085 35.00 44594
s b 0 34.97 0.9085 35.00 44604
s b 0 35.01 0.9065 35.00 44614
s b 0 35.01 0.9065 35.00 44624
s b 0 35.13 0.9003 35.00 44634
s b 0 35.13 0.9002 35.00 44644
s b 0 35.13 0.9001 35.00 44654
s b 0 35.01 0.9061 35.00 44664
s b 0 35.01 0.9061 35.00 44674
s b 0 34.97 0.9081 35.00 44684
s b 0 34.97 0.9081 35.00 44694
s b 0 34.93 0.9102 35.00 44704
s b 0 34.93 0.9102 35.00 44714
s b 0 34.93 0.9103 35.00 44724
s b 0 34.97 0.9084 35.00 44734
s b 0 34.97 0.9084 35.00 44744
s b 0 34.89 0.9125 35.00 44754
s b 0 34.97 0.9085 35.00 44764
s b 0 34.97 0.9086 35.00 44774
s b 0 34.97 0.9086 35.00 44784
s b 0 35.01 0.9066 35.00 44794
s b 0 35.01 0.9066 35.00 44804
s b 0 35.01 0.9066 35.00 44814
s b 0 35.01 0.9066 35.00 44824
s b 0 35.01 0.9065 35.00 44834
s b 0 35.01 0.9065 35.00 44844
s b 0 35.01 0.9065 35.00 44854
s b 0 35.01 0.9065 35.00 44864
s b 0 35.01 0.9065 35.00 44874
s b 0 35.01 0.9065 35.00 44884
s b 0 35.01 0.9065 35.00 44894
s b 0 34.89 0.9126 35.00 44904
s b 0 34.89 0.9127 35.00 44914
s b 0 34.89 0.9128 35.00 44924
s b 0 34.89 0.9129 35.00 44934
s b 0 34.89 0.9130 35.00 44944
s b 0 34.97 0.9091 35.00 44954
s b 0 34.97 0.9091 35.00 44964
s b 0 34.97 0.9091 35.00 44974
s b 0 34.97 0.9092 35.00 44984
s b 0 34.97 0.9092 35.00 44994
s b 0 35.01 0.9072 35.00 45004
s b 0 35.13 0.9011 35.00 45014
s b 0 35.13 0.9009 35.00 45024
s b 0 35.13 0.9008 35.00 45034
s b 0 35.09 0.9027 35.00 45044
s b 0 35.01 0.9067 35.00 45054
s b 0 35.01 0.9067 35.00 45064
s b 0 35.01 0.9067 35.00 45074
s b 0 34.97 0.9087 35.00 45084
s b 0 34.97 0.9087 35.00 45094
s b 0 34.97 0.9088 35.00 45104
s b 0 34.97 0.9088 35.00 45114
s b 0 34.97 0.9088 35.00 45124
s b 0 34.97 0.9088 35.00 45134
s b 0 34.97 0.9089 35.00 45144
s b 0 34.97 0.9089 35.00 45154
s b 0 34.97 0.9089 35.00 45164
s b 0 35.01 0.9069 35.00 45174
s b 0 35.01 0.9069 35.00 45184
s b 0 35.01 0.9069 35.00 45194
s b 0 35.01 0.9069 35.00 45204
s b 0 35.01 0.9069 35.00 45214
s b 0 34.97 0.9089 35.00 45224
s b 0 34.97 0.9089 35.00 45234
s b 0 34.93 0.9110 35.00 45244
s b 0 34.93 0.9111 35.00 45254
s b 0 34.93 0.9111 35.00 45264
s b 0 34.89 0.9133 35.00 45274
s b 0 34.89 0.9134 35.00 45284
s b 0 34.89 0.9135 35.00 45294
s b 0 34.89 0.9136 35.00 45304
s b 0 34.89 0.9137 35.00 45314
s b 0 34.89 0.9138 35.00 45324
s b 0 34.97 0.9099 35.00 45334
s b 0 35.09 0.9038 35.00 45344
s b 0 35.09 0.9037 35.00 45354
s b 0 35.09 0.9036 35.00 45364
s b 0 35.09 0.9035 35.00 45374
s b 0 35.13 0.9014 35.00 45384
s b 0 35.13 0.9012 35.00 45394
s b 0 35.09 0.9031 35.00 45404
s b 0 35.09 0.9031 35.00 45414
s b 0 35.09 0.9030 35.00 45424
s b 0 35.09 0.9029 35.00 45434
s b 0 34.97 0.9089 35.00 45444
s b 0 34.97 0.9089 35.00 45454
s b 0 34.97 0.9090 35.00 45464
s b 0 34.97 0.9090 35.00 45474
s b 0 34.97 0.9090 35.00 45484
s b 0 34.97 0.9090 35.00 45494
s b 0 34.97 0.9091 35.00 45504
s b 0 34.93 0.9111 35.00 45514
s b 0 34.93 0.9112 35.00 45524
s b 0 34.93 0.9113 35.00 45534
s b 0 34.97 0.9093 35.00 45544
s b 0 34.97 0.9093 35.00 45554
s b 0 34.97 0.9094 35.00 45564
s b 0 34.97 0.9094 35.00 45574
s b 0 34.93 0.9115 35.00 45584
s b 0 34.93 0.9115 35.00 45594
s b 0 34.97 0.9096 35.00 45604
s b 0 34.97 0.9096 35.00 45614
s b 0 35.01 0.9076 35.00 45624
s b 0 35.05 0.9056 35.00 45634
s b 0 35.01 0.9075 35.00 45644
s b 0 35.01 0.9075 35.00 45654
s b 0 35.01 0.9075 35.00 45664
s b 0 35.01 0.9075 35.00 45674
s b 0 35.01 0.9075 35.00 45684
s b 0 35.01 0.9075 35.00 45694
s b 0 35.01 0.9075 35.00 45704
s b 0 34.97 0.9095 35.00 45714
s b 0 34.97 0.9095 35.00 45724
s b 0 34.97 0.9096 35.00 45734
s b 0 34.97 0.9096 35.00 45744
s b 0 34.97 0.9096 35.00 45754
s b 0 34.97 0.9097 35.00 45764
s b 0 34.97 0.9097 35.00 45774
s b 0 34.97 0.9097 35.00 45784
s b 0 34.97 0.9098 35.00 45794
s b 0 34.97 0.9098 35.00 45804
s b 0 34.97 0.9098 35.00 45814
s b 0 35.01 0.9078 35.00 45824
s b 0 35.01 0.9078 35.00 45834
s b 0 34.97 0.9098 35.00 45844
s b 0 34.97 0.9099 35.00 45854
s b 0 35.01 0.9079 35.00 45864
s b 0 35.01 0.9078 35.00 45874
s b 0 35.09 0.9038 35.00 45884
s b 0 35.01 0.9077 35.00 45894
s b 0 35.01 0.9077 35.00 45904
s b 0 35.09 0.9036 35.00 45914
s b 0 35.13 0.9015 35.00 45924
s b 0 35.09 0.9034 35.00 45934
s b 0 35.09 0.9033 35.00 45944
s b 0 35.09 0.9032 35.00 45954
s b 0 34.97 0.9093 35.00 45964
s b 0 34.89 0.9133 35.00 45974
s b 0 34.89 0.9135 35.00 45984
s b 0 34.89 0.9136 35.00 45994
s b 0 34.97 0.9096 35.00 46004
s b 0 34.97 0.9097 35.00 46014
s b 0 34.97 0.9097 35.00 46024
s b 0 34.89 0.9138 35.00 46034
s b 0 34.97 0.9098 35.00 46044
s b 0 34.97 0.9099 35.00 46054
s b 0 35.09 0.9038 35.00 46064
s b 0 35.09 0.9037 35.00 46074
s b 0 35.09 0.9036 35.00 46084
s b 0 35.09 0.9035 35.00 46094
s b 0 35.09 0.9034 35.00 46104
s b 0 34.93 0.9115 35.00 46114
s b 0 34.93 0.9115 35.00 46124
s b 0 34.93 0.9116 35.00 46134
s b 0 34.93 0.9117 35.00 46144
s b 0 34.93 0.9117 35.00 46154
s b 0 34.93 0.9118 35.00 46164
s b 0 34.93 0.9119 35.00 46174
s b 0 34.97 0.9099 35.00 46184
s b 0 34.97 0.9100 35.00 46194
s b 0 34.97 0.9100 35.00 46204
s b 0 34.97 0.9100 35.00 46214
s b 0 34.97 0.9100 35.00 46224
s b 0 35.09 0.9040 35.00 46234
s b 0 35.09 0.9039 35.00 46244
s b 0 35.09 0.9038 35.00 46254
s b 0 35.01 0.9078 35.00 46264
s b 0 35.01 0.9078 35.00 46274
s b 0 35.01 0.9077 35.00 46284
s b 0 35.01 0.9077 35.00 46294
s b 0 35.01 0.9077 35.00 46304
s b 0 35.01 0.9077 35.00 46314
s b 0 35.01 0.9077 35.00 46324
s b 0 35.01 0.9077 35.00 46334
s b 0 35.01 0.9077 35.00 46344
s b 0 35.01 0.9077 35.00 46354
s b 0 35.01 0.9077 35.00 46364
s b 0 34.97 0.9097 35.00 46374
s b 0 34.97 0.9097 35.00 46384
s b 0 34.89 0.9138 35.00 46394
s b 0 34.89 0.9139 35.00 46404
s b 0 34.89 0.9140 35.00 46414
s b 0 34.89 0.9142 35.00 46424
s b 0 34.97 0.9102 35.00 46434
s b 0 34.93 0.9123 35.00 46444
s b 0 34.97 0.9103 35.00 46454
s b 0 34.97 0.9103 35.00 46464
s b 0 34.97 0.9104 35.00 46474
s b 0 34.97 0.9104 35.00 46484
s b 0 34.97 0.9104 35.00 46494
s b 0 34.97 0.9105 35.00 46504
s b 0 35.01 0.9084 35.00 46514
s b 0 35.01 0.9084 35.00 46524
s b 0 34.97 0.9105 35.00 46534
s b 0 34.97 0.9105 35.00 46544
s b 0 34.97 0.9105 35.00 46554
s b 0 34.97 0.9106 35.00 46564
s b 0 34.97 0.9106 35.00 46574
s b 0 34.97 0.9106 35.00 46584
s b 0 34.97 0.9106 35.00 46594
s b 0 35.01 0.9086 35.00 46604
s b 0 35.01 0.9086 35.00 46614
s b 0 35.13 0.9025 35.00 46624
s b 0 34.97 0.9105 35.00 46634
s b 0 35.01 0.9085 35.00 46644
s b 0 35.09 0.9044 35.00 46654
s b 0 35.09 0.9043 35.00 46664
s b 0 35.09 0.9043 35.00 46674
s b 0 35.05 0.9062 35.00 46684
s b 0 35.01 0.9082 35.00 46694
s b 0 35.01 0.9082 35.00 46704
s b 0 35.01 0.9082 35.00 46714
s b 0 35.01 0.9082 35.00 46724
s b 0 35.01 0.9081 35.00 46734
s b 0 35.01 0.9081 35.00 46744
s b 0 35.01 0.9081 35.00 46754
s b 0 35.01 0.9081 35.00 46764
s b 0 35.01 0.9081 35.00 46774
s b 0 34.97 0.9101 35.00 46784
s b 0 34.97 0.9102 35.00 46794
s b 0 34.97 0.9102 35.00 46804
s b 0 34.97 0.9102 35.00 46814
s b 0 34.97 0.9102 35.00 46824
s b 0 34.97 0.9103 35.00 46834
s b 0 34.97 0.9103 35.00 46844
s b 0 34.97 0.9103 35.00 46854
s b 0 34.97 0.9104 35.00 46864
s b 0 34.97 0.9104 35.00 46874
s b 0 34.97 0.9104 35.00 46884
s b 0 34.97 0.9105 35.00 46894
s b 0 34.97 0.9105 35.00 46904
s b 0 34.97 0.9105 35.00 46914
s b 0 34.97 0.9106 35.00 46924
s b 0 34.97 0.9106 35.00 46934
s b 0 34.93 0.9126 35.00 46944
s b 0 34.93 0.9127 35.00 46954
s b 0 34.93 0.9128 35.00 46964
s b 0 34.93 0.9129 35.00 46974
s b 0 34.97 0.9109 35.00 46984
s b 0 34.97 0.9109 35.00 46994
s b 0 34.97 0.9110 35.00 47004
s b 0 34.97 0.9110 35.00 47014
s b 0 35.01 0.9090 35.00 47024
s b 0 35.01 0.9090 35.00 47034
s b 0 35.01 0.9090 35.00 47044
s b 0 35.09 0.9049 35.00 47054
s b 0 35.09 0.9048 35.00 47064
s b 0 35.09 0.9047 35.00 47074
s b 0 35.09 0.9046 35.00 47084
s b 0 35.09 0.9045 35.00 47094
s b 0 35.13 0.9024 35.00 47104
s b 0 35.13 0.9022 35.00 47114
s b 0 35.13 0.9021 35.00 47124
s b 0 35.01 0.9081 35.00 47134
s b 0 35.01 0.9081 35.00 47144
s b 0 35.01 0.9081 35.00 47154
s b 0 34.97 0.9101 35.00 47164
s b 0 34.97 0.9101 35.00 47174
s b 0 34.89 0.9142 35.00 47184
s b 0 34.89 0.9143 35.00 47194
s b 0 34.89 0.9145 35.00 47204
s b 0 34.89 0.9146 35.00 47214
s b 0 34.89 0.9147 35.00 47224
s b 0 34.93 0.9128 35.00 47234
s b 0 34.97 0.9108 35.00 47244
s b 0 34.97 0.9108 35.00 47254
s b 0 34.93 0.9129 35.00 47264
s b 0 35.01 0.9089 35.00 47274
s b 0 35.01 0.9089 35.00 47284
s b 0 35.01 0.9089 35.00 47294
s b 0 35.01 0.9089 35.00 47304
s b 0 35.01 0.9089 35.00 47314
s b 0 35.01 0.9088 35.00 47324
s b 0 35.01 0.9088 35.00 47334
s b 0 35.01 0.9088 35.00 47344
s b 0 35.01 0.9088 35.00 47354
s b 0 35.01 0.9088 35.00 47364
s b 0 35.01 0.9088 35.00 47374
s b 0 35.01 0.9088 35.00 47384
s b 0 34.97 0.9108 35.00 47394
s b 0 34.97 0.9108 35.00 47404
s b 0 34.97 0.9109 35.00 47414
s b 0 35.01 0.9089 35.00 47424
s b 0 34.97 0.9109 35.00 47434
s b 0 34.97 0.9109 35.00 47444
s b 0 34.97 0.9109 35.00 47454
s b 0 34.97 0.9110 35.00 47464
s b 0 34.97 0.9110 35.00 47474
s b 0 34.97 0.9110 35.00 47484
s b 0 34.97 0.9111 35.00 47494
s b 0 34.97 0.9111 35.00 47504
s b 0 34.97 0.9111 35.00 47514
s b 0 34.97 0.9112 35.00 47524
s b 0 34.97 0.9112 35.00 47534
s b 0 35.01 0.9092 35.00 47544
s b 0 35.01 0.9092 35.00 47554
s b 0 35.01 0.9092 35.00 47564
s b 0 35.09 0.9051 35.00 47574
s b 0 35.01 0.9091 35.00 47584
s b 0 35.09 0.9050 35.00 47594
s b 0 35.13 0.9028 35.00 47604
s b 0 35.09 0.9048 35.00 47614
s b 0 35.09 0.9047 35.00 47624
s b 0 35.13 0.9025 35.00 47634
s b 0 35.13 0.9024 35.00 47644
s b 0 35.09 0.9043 35.00 47654
s b 0 34.97 0.9103 35.00 47664
s b 0 34.97 0.9104 35.00 47674
s b 0 34.97 0.9104 35.00 47684
s b 0 34.97 0.9104 35.00 47694
s b 0 34.97 0.9104 35.00 47704
s b 0 34.97 0.9105 35.00 47714
s b 0 34.97 0.9105 35.00 47724
s b 0 35.01 0.9085 35.00 47734
s b 0 34.97 0.9105 35.00 47744
s b 0 34.93 0.9126 35.00 47754
s b 0 34.97 0.9106 35.00 47764
s b 0 34.93 0.9127 35.00 47774
s b 0 34.97 0.9107 35.00 47784
s b 0 34.97 0.9108 35.00 47794
s b 0 34.97 0.9108 35.00 47804
s b 0 34.93 0.9129 35.00 47814
s b 0 34.93 0.9129 35.00 47824
s b 0 34.97 0.9110 35.00 47834
s b 0 34.97 0.9110 35.00 47844
s b 0 34.97 0.9110 35.00 47854
s b 0 34.97 0.9111 35.00 47864
s b 0 35.05 0.9070 35.00 47874
s b 0 35.09 0.9049 35.00 47884
s b 0 35.09 0.9048 35.00 47894
s b 0 35.09 0.9047 35.00 47904
s b 0 35.01 0.9087 35.00 47914
s b 0 35.01 0.9087 35.00 47924
s b 0 34.97 0.9107 35.00 47934
s b 0 34.97 0.9108 35.00 47944
s b 0 34.97 0.9108 35.00 47954
s b 0 34.97 0.9108 35.00 47964
s b 0 34.97 0.9109 35.00 47974
s b 0 34.97 0.9109 35.00 47984
s b 0 34.97 0.9109 35.00 47994
s b 0 34.97 0.9110 35.00 48004
s b 0 34.97 0.9110 35.00 48014
s b 0 34.97 0.9110 35.00 48024
s b 0 35.01 0.9090 35.00 48034
s b 0 35.01 0.9090 35.00 48044
s b 0 35.01 0.9090 35.00 48054
s b 0 35.01 0.9090 35.00 48064
s b 0 35.01 0.9090 35.00 48074
s b 0 35.01 0.9090 35.00 48084
s b 0 34.97 0.9110 35.00 48094
s b 0 34.97 0.9110 35.00 48104
s b 0 34.93 0.9131 35.00 48114
s b 0 34.93 0.9132 35.00 48124
s b 0 34.93 0.9132 35.00 48134
s b 0 34.93 0.9133 35.00 48144
s b 0 34.89 0.9154 35.00 48154
s b 0 34.89 0.9155 35.00 48164
s b 0 34.93 0.9136 35.00 48174
s b 0 34.93 0.9137 35.00 48184
s b 0 34.93 0.9137 35.00 48194
s b 0 34.93 0.9138 35.00 48204
s b 0 34.97 0.9118 35.00 48214
s b 0 35.01 0.9098 35.00 48224
s b 0 35.13 0.9037 35.00 48234
s b 0 35.17 0.9015 35.00 48244
s b 0 35.17 0.9014 35.00 48254
s b 0 35.17 0.9012 35.00 48264
s b 0 35.17 0.9010 35.00 48274
s b 0 35.01 0.9090 35.00 48284
s b 0 35.13 0.9029 35.00 48294
s b 0 35.01 0.9089 35.00 48304
s b 0 35.01 0.9088 35.00 48314
s b 0 35.01 0.9088 35.00 48324
s b 0 35.01 0.9088 35.00 48334
s b 0 34.97 0.9109 35.00 48344
s b 0 34.97 0.9109 35.00 48354
s b 0 34.97 0.9109 35.00 48364
s b 0 34.93 0.9130 35.00 48374
s b 0 34.93 0.9130 35.00 48384
s b 0 35.01 0.9091 35.00 48394
s b 0 35.01 0.9090 35.00 48404
s b 0 35.01 0.9090 35.00 48414
s b 0 35.01 0.9090 35.00 48424
s b 0 35.01 0.9090 35.00 48434
s b 0 35.01 0.9090 35.00 48444
s b 0 35.01 0.9090 35.00 48454
s b 0 34.97 0.9110 35.00 48464
s b 0 34.97 0.9110 35.00 48474
s b 0 34.97 0.9111 35.00 48484
s b 0 34.97 0.9111 35.00 48494
s b 0 34.97 0.9111 35.00 48504
s b 0 34.97 0.9112 35.00 48514
s b 0 34.97 0.9112 35.00 48524
s b 0 34.97 0.9112 35.00 48534
s b 0 34.97 0.9113 35.00 48544
s b 0 34.93 0.9133 35.00 48554
s b 0 34.89 0.9154 35.00 48564
s b 0 34.93 0.9135 35.00 48574
s b 0 35.01 0.9095 35.00 48584
s b 0 35.01 0.9095 35.00 48594
s b 0 34.97 0.9115 35.00 48604
s b 0 34.97 0.9116 35.00 48614
s b 0 34.97 0.9116 35.00 48624
s b 0 34.97 0.9116 35.00 48634
s b 0 35.01 0.9096 35.00 48644
s b 0 35.05 0.9076 35.00 48654
s b 0 35.05 0.9075 35.00 48664
s b 0 35.13 0.9034 35.00 48674
s b 0 35.13 0.9032 35.00 48684
s b 0 35.13 0.9031 35.00 48694
s b 0 35.13 0.9030 35.00 48704
s b 0 35.13 0.9028 35.00 48714
s b 0 35.13 0.9027 35.00 48724
s b 0 35.13 0.9026 35.00 48734
s b 0 35.13 0.9025 35.00 48744
s b 0 34.93 0.9125 35.00 48754
s b 0 34.93 0.9126 35.00 48764
s b 0 34.93 0.9126 35.00 48774
s b 0 34.85 0.9168 35.00 48784
s b 0 34.85 0.9169 35.00 48794
s b 0 34.85 0.9171 35.00 48804
s b 0 34.85 0.9172 35.00 48814
s b 0 34.85 0.9174 35.00 48824
s b 0 34.85 0.9175 35.00 48834
s b 0 34.89 0.9157 35.00 48844
s b 0 34.97 0.9117 35.00 48854
s b 0 35.09 0.9056 35.00 48864
s b 0 35.13 0.9035 35.00 48874
s b 0 35.13 0.9034 35.00 48884
s b 0 35.13 0.9032 35.00 48894
s b 0 35.13 0.9031 35.00 48904
s b 0 35.13 0.9030 35.00 48914
s b 0 35.13 0.9028 35.00 48924
s b 0 35.13 0.9027 35.00 48934
s b 0 35.13 0.9026 35.00 48944
s b 0 35.01 0.9086 35.00 48954
s b 0 34.97 0.9106 35.00 48964
s b 0 34.93 0.9126 35.00 48974
s b 0 34.85 0.9168 35.00 48984
s b 0 34.85 0.9169 35.00 48994
s b 0 34.85 0.9171 35.00 49004
s b 0 34.85 0.9172 35.00 49014
s b 0 34.89 0.9154 35.00 49024
s b 0 34.89 0.9155 35.00 49034
s b 0 34.93 0.9135 35.00 49044
s b 0 34.93 0.9136 35.00 49054
s b 0 34.93 0.9137 35.00 49064
s b 0 34.97 0.9117 35.00 49074
s b 0 35.01 0.9097 35.00 49084
s b 0 35.05 0.9077 35.00 49094
s b 0 35.09 0.9056 35.00 49104
s b 0 35.05 0.9075 35.00 49114
s b 0 35.01 0.9095 35.00 49124
s b 0 35.09 0.9054 35.00 49134
s b 0 35.01 0.9094 35.00 49144
s b 0 35.01 0.9094 35.00 49154
s b 0 35.09 0.9053 35.00 49164
s b 0 35.09 0.9052 35.00 49174
s b 0 34.97 0.9112 35.00 49184
s b 0 34.97 0.9113 35.00 49194
s b 0 34.89 0.9154 35.00 49204
s b 0 34.89 0.9155 35.00 49214
s b 0 34.89 0.9156 35.00 49224
s b 0 34.89 0.9157 35.00 49234
s b 0 34.89 0.9158 35.00 49244
s b 0 34.97 0.9119 35.00 49254
s b 0 35.05 0.9078 35.00 49264
s b 0 34.97 0.9118 35.00 49274
s b 0 35.05 0.9078 35.00 49284
s b 0 35.05 0.9078 35.00 49294
s b 0 35.05 0.9077 35.00 49304
s b 0 35.05 0.9077 35.00 49314
s b 0 35.09 0.9056 35.00 49324
s b 0 35.05 0.9075 35.00 49334
s b 0 35.05 0.9075 35.00 49344
s b 0 35.05 0.9074 35.00 49354
s b 0 35.01 0.9094 35.00 49364
s b 0 35.01 0.9094 35.00 49374
s b 0 35.01 0.9094 35.00 49384
s b 0 34.97 0.9114 35.00 49394
s b 0 34.85 0.9175 35.00 49404
s b 0 34.85 0.9177 35.00 49414
s b 0 34.97 0.9117 35.00 49424
s b 0 34.97 0.9118 35.00 49434
s b 0 34.85 0.9179 35.00 49444
s b 0 35.01 0.9099 35.00 49454
s b 0 35.01 0.9099 35.00 49464
s b 0 35.01 0.9099 35.00 49474
s b 0 34.89 0.9160 35.00 49484
s b 0 35.09 0.9059 35.00 49494
s b 0 35.09 0.9058 35.00 49504
s b 0 35.09 0.9057 35.00 49514
s b 0 34.89 0.9158 35.00 49524
s b 0 34.89 0.9159 35.00 49534
s b 0 34.89 0.9160 35.00 49544
s b 0 34.89 0.9162 35.00 49554
s b 0 34.89 0.9163 35.00 49564
s b 0 34.89 0.9164 35.00 49574
s b 0 34.89 0.9165 35.00 49584
s b 0 34.93 0.9146 35.00 49594
s b 0 34.93 0.9146 35.00 49604
s b 0 35.01 0.9106 35.00 49614
s b 0 35.13 0.9045 35.00 49624
s b 0 35.13 0.9044 35.00 49634
s b 0 35.13 0.9042 35.00 49644
s b 0 35.13 0.9041 35.00 49654
s b 0 35.13 0.9040 35.00 49664
s b 0 35.01 0.9100 35.00 49674
s b 0 35.01 0.9100 35.00 49684
s b 0 35.01 0.9100 35.00 49694
s b 0 34.97 0.9120 35.00 49704
s b 0 34.97 0.9120 35.00 49714
s b 0 34.97 0.9120 35.00 49724
s b 0 34.93 0.9141 35.00 49734
s b 0 34.93 0.9142 35.00 49744
s b 0 34.93 0.9142 35.00 49754
s b 0 34.93 0.9143 35.00 49764
s b 0 34.93 0.9144 35.00 49774
s b 0 34.93 0.9145 35.00 49784
s b 0 34.97 0.9125 35.00 49794
s b 0 34.97 0.9125 35.00 49804
s b 0 34.97 0.9126 35.00 49814
s b 0 34.97 0.9126 35.00 49824
s b 0 34.97 0.9126 35.00 49834
s b 0 34.97 0.9126 35.00 49844
s b 0 34.97 0.9127 35.00 49854
s b 0 34.97 0.9127 35.00 49864
s b 0 34.97 0.9127 35.00 49874
s b 0 34.97 0.9128 35.00 49884
s b 0 34.97 0.9128 35.00 49894
s b 0 34.97 0.9128 35.00 49904
s b 0 34.97 0.9129 35.00 49914
s b 0 34.97 0.9129 35.00 49924
s b 0 34.97 0.9129 35.00 49934
s b 0 35.01 0.9109 35.00 49944
s b 0 35.09 0.9068 35.00 49954
s b 0 35.09 0.9067 35.00 49964
s b 0 35.09 0.9066 35.00 49974
s b 0 35.09 0.9066 35.00 49984
s b 0 35.09 0.9065 35.00 49994
s b 0 35.09 0.9064 35.00 50004
s b 0 35.09 0.9063 35.00 50014
s b 0 35.01 0.9103 35.00 50024
s b 0 35.01 0.9103 35.00 50034
s b 0 34.97 0.9123 35.00 50044
s b 0 34.97 0.9123 35.00 50054
s b 0 34.97 0.9123 35.00 50064
s b 0 34.93 0.9144 35.00 50074
s b 0 34.93 0.9145 35.00 50084
s b 0 34.93 0.9145 35.00 50094
s b 0 34.93 0.9146 35.00 50104
s b 0 34.93 0.9147 35.00 50114
s b 0 34.93 0.9148 35.00 50124
s b 0 34.93 0.9148 35.00 50134
s b 0 35.01 0.9108 35.00 50144
s b 0 35.09 0.9067 35.00 50154
s b 0 35.09 0.9067 35.00 50164
s b 0 35.09 0.9066 35.00 50174
s b 0 35.09 0.9065 35.00 50184
s b 0 35.09 0.9064 35.00 50194
s b 0 35.09 0.9063 35.00 50204
s b 0 35.13 0.9042 35.00 50214
s b 0 35.13 0.9040 35.00 50224
s b 0 35.09 0.9059 35.00 50234
s b 0 35.05 0.9079 35.00 50244
s b 0 35.01 0.9099 35.00 50254
s b 0 34.97 0.9119 35.00 50264
s b 0 34.97 0.9119 35.00 50274
s b 0 34.97 0.9120 35.00 50284
s b 0 34.93 0.9140 35.00 50294
s b 0 34.97 0.9121 35.00 50304
s b 0 34.93 0.9141 35.00 50314
s b 0 34.93 0.9142 35.00 50324
s b 0 34.93 0.9143 35.00 50334
s b 0 34.93 0.9143 35.00 50344
s b 0 34.93 0.9144 35.00 50354
s b 0 34.93 0.9145 35.00 50364
s b 0 34.93 0.9145 35.00 50374
s b 0 34.93 0.9146 35.00 50384
s b 0 34.97 0.9127 35.00 50394
s b 0 35.05 0.9086 35.00 50404
s b 0 35.05 0.9086 35.00 50414
s b 0 35.05 0.9085 35.00 50424
s b 0 35.05 0.9085 35.00 50434
s b 0 35.05 0.9084 35.00 50444
s b 0 35.05 0.9084 35.00 50454
s b 0 34.97 0.9124 35.00 50464
s b 0 34.97 0.9124 35.00 50474
s b 0 34.97 0.9124 35.00 50484
s b 0 34.93 0.9145 35.00 50494
s b 0 34.93 0.9146 35.00 50504
s b 0 34.93 0.9146 35.00 50514
s b 0 34.93 0.9147 35.00 50524
s b 0 34.93 0.9148 35.00 50534
s b 0 34.93 0.9149 35.00 50544
s b 0 34.93 0.9149 35.00 50554
s b 0 34.93 0.9150 35.00 50564
s b 0 35.01 0.9110 35.00 50574
s b 0 35.01 0.9110 35.00 50584
s b 0 35.01 0.9110 35.00 50594
s b 0 35.09 0.9069 35.00 50604
s b 0 35.09 0.9068 35.00 50614
s b 0 35.09 0.9067 35.00 50624
s b 0 35.09 0.9066 35.00 50634
s b 0 35.01 0.9106 35.00 50644
s b 0 35.01 0.9106 35.00 50654
s b 0 35.01 0.9106 35.00 50664
s b 0 35.01 0.9106 35.00 50674
s b 0 34.93 0.9146 35.00 50684
s b 0 34.93 0.9147 35.00 50694
s b 0 34.93 0.9148 35.00 50704
s b 0 34.93 0.9148 35.00 50714
s b 0 34.93 0.9149 35.00 50724
s b 0 34.93 0.9150 35.00 50734
s b 0 34.93 0.9151 35.00 50744
s b 0 34.93 0.9151 35.00 50754
s b 0 34.97 0.9132 35.00 50764
s b 0 34.97 0.9132 35.00 50774
s b 0 34.97 0.9132 35.00 50784
s b 0 35.01 0.9112 35.00 50794
s b 0 35.01 0.9112 35.00 50804
s b 0 35.01 0.9112 35.00 50814
s b 0 35.17 0.9030 35.00 50824
s b 0 35.17 0.9029 35.00 50834
s b 0 35.17 0.9027 35.00 50844
s b 0 35.01 0.9107 35.00 50854
s b 0 35.01 0.9107 35.00 50864
s b 0 35.01 0.9107 35.00 50874
s b 0 35.01 0.9106 35.00 50884
s b 0 34.97 0.9127 35.00 50894
s b 0 34.97 0.9127 35.00 50904
s b 0 34.97 0.9127 35.00 50914
s b 0 34.97 0.9128 35.00 50924
s b 0 34.97 0.9128 35.00 50934
s b 0 34.97 0.9128 35.00 50944
s b 0 34.97 0.9129 35.00 50954
s b 0 34.97 0.9129 35.00 50964
s b 0 34.97 0.9129 35.00 50974
s b 0 34.97 0.9129 35.00 50984
s b 0 35.01 0.9109 35.00 50994
s b 0 35.01 0.9109 35.00 51004
s b 0 35.01 0.9109 35.00 51014
s b 0 35.09 0.9068 35.00 51024
s b 0 35.09 0.9067 35.00 51034
s b 0 35.01 0.9107 35.00 51044
s b 0 34.89 0.9168 35.00 51054
s b 0 34.89 0.9169 35.00 51064
s b 0 34.89 0.9170 35.00 51074
s b 0 34.89 0.9171 35.00 51084
s b 0 34.89 0.9173 35.00 51094
s b 0 34.89 0.9174 35.00 51104
s b 0 34.89 0.9175 35.00 51114
ack
s b 0 35.09 0.0000 10.00 51124
s b 0 34.89 0.0000 10.00 51134
s b 0 34.89 0.0000 10.00 51144
s b 0 34.89 0.0000 10.00 51154
s b 0 18.69 0.0000 10.00 51164
s b 0 18.69 0.0000 10.00 51174
s b 0 18.69 0.0000 10.00 51184
s b 0 18.69 0.0000 10.00 51194
s b 0 10.21 0.2383 10.00 51204
s b 0 10.21 0.2380 10.00 51214
s b 0 10.21 0.2378 10.00 51224
s b 0 10.21 0.2376 10.00 51234
s b 0 10.21 0.2374 10.00 51244
s b 0 10.21 0.2372 10.00 51254
s b 0 9.55 0.2697 10.00 51264
s b 0 9.55 0.2701 10.00 51274
s b 0 9.55 0.2706 10.00 51284
s b 0 9.55 0.2710 10.00 51294
s b 0 9.55 0.2715 10.00 51304
s b 0 9.55 0.2719 10.00 51314
s b 0 9.74 0.2630 10.00 51324
s b 0 9.97 0.2517 10.00 51334
s b 0 10.03 0.2490 10.00 51344
s b 0 10.26 0.2371 10.00 51354
s b 0 10.49 0.2256 10.00 51364
s b 0 10.57 0.2209 10.00 51374
s b 0 10.57 0.2203 10.00 51384
s b 0 10.57 0.2197 10.00 51394
s b 0 10.57 0.2191 10.00 51404
s b 0 10.57 0.2186 10.00 51414
s b 0 10.57 0.2180 10.00 51424
s b 0 10.48 0.2224 10.00 51434
s b 0 10.42 0.2247 10.00 51444
s b 0 10.32 0.2292 10.00 51454
s b 0 10.08 0.2408 10.00 51464
s b 0 10.08 0.2407 10.00 51474
s b 0 10.07 0.2413 10.00 51484
s b 0 10.03 0.2433 10.00 51494
s b 0 10.03 0.2432 10.00 51504
s b 0 10.03 0.2432 10.00 51514
s b 0 10.01 0.2439 10.00 51524
s b 0 10.01 0.2439 10.00 51534
s b 0 10.01 0.2438 10.00 51544
s b 0 10.01 0.2438 10.00 51554
s b 0 10.04 0.2424 10.00 51564
s b 0 10.04 0.2424 10.00 51574
s b 0 10.08 0.2403 10.00 51584
s b 0 10.11 0.2388 10.00 51594
s b 0 10.13 0.2380 10.00 51604
s b 0 10.14 0.2372 10.00 51614
s b 0 10.15 0.2364 10.00 51624
s b 0 10.15 0.2362 10.00 51634
s b 0 10.15 0.2361 10.00 51644
s b 0 10.17 0.2352 10.00 51654
s b 0 10.17 0.2350 10.00 51664
s b 0 10.19 0.2335 10.00 51674
s b 0 10.19 0.2333 10.00 51684
s b 0 10.17 0.2345 10.00 51694
s b 0 10.15 0.2350 10.00 51704
s b 0 10.11 0.2369 10.00 51714
s b 0 10.08 0.2382 10.00 51724
s b 0 10.08 0.2381 10.00 51734
s b 0 10.07 0.2387 10.00 51744
s b 0 10.06 0.2394 10.00 51754
s b 0 10.06 0.2393 10.00 51764
s b 0 10.04 0.2399 10.00 51774
s b 0 10.04 0.2399 10.00 51784
s b 0 10.04 0.2398 10.00 51794
s b 0 10.06 0.2391 10.00 51804
s b 0 10.06 0.2391 10.00 51814
s b 0 10.06 0.2390 10.00 51824
s b 0 10.06 0.2389 10.00 51834
s b 0 10.06 0.2389 10.00 51844
s b 0 10.08 0.2375 10.00 51854
s b 0 10.08 0.2374 10.00 51864
s b 0 10.08 0.2373 10.00 51874
s b 0 10.08 0.2372 10.00 51884
s b 0 10.08 0.2371 10.00 51894
s b 0 10.07 0.2377 10.00 51904
s b 0 10.06 0.2383 10.00 51914
s b 0 10.07 0.2376 10.00 51924
s b 0 10.06 0.2382 10.00 51934
s b 0 10.06 0.2382 10.00 51944
s b 0 10.06 0.2381 10.00 51954
s b 0 10.04 0.2387 10.00 51964
s b 0 10.06 0.2380 10.00 51974
s b 0 10.04 0.2386 10.00 51984
s b 0 10.06 0.2379 10.00 51994
s b 0 10.06 0.2379 10.00 52004
s b 0 10.04 0.2385 10.00 52014
s b 0 10.04 0.2384 10.00 52024
s b 0 10.04 0.2384 10.00 52034
s b 0 10.04 0.2384 10.00 52044
s b 0 10.04 0.2383 10.00 52054
s b 0 10.03 0.2390 10.00 52064
s b 0 10.03 0.2389 10.00 52074
s b 0 10.03 0.2389 10.00 52084
s b 0 10.03 0.2389 10.00 52094
s b 0 10.03 0.2388 10.00 52104
s b 0 10.01 0.2395 10.00 52114
s b 0 10.01 0.2395 10.00 52124
s b 0 10.01 0.2395 10.00 52134
s b 0 10.03 0.2388 10.00 52144
s b 0 10.03 0.2387 10.00 52154
s b 0 10.06 0.2373 10.00 52164
s b 0 10.06 0.2373 10.00 52174
s b 0 10.06 0.2372 10.00 52184
s b 0 10.06 0.2372 10.00 52194
s b 0 10.01 0.2392 10.00 52204
s b 0 10.01 0.2392 10.00 52214
s b 0 10.06 0.2371 10.00 52224
s b 0 10.06 0.2370 10.00 52234
s b 0 10.01 0.2390 10.00 52244
s b 0 10.01 0.2390 10.00 52254
s b 0 10.01 0.2390 10.00 52264
s b 0 10.01 0.2390 10.00 52274
s b 0 10.03 0.2383 10.00 52284
s b 0 10.03 0.2383 10.00 52294
s b 0 10.04 0.2375 10.00 52304
s b 0 10.04 0.2375 10.00 52314
s b 0 10.04 0.2375 10.00 52324
s b 0 10.03 0.2381 10.00 52334
s b 0 10.04 0.2374 10.00 52344
s b 0 10.04 0.2374 10.00 52354
s b 0 10.04 0.2373 10.00 52364
s b 0 10.04 0.2373 10.00 52374
s b 0 10.04 0.2372 10.00 52384
s b 0 10.04 0.2372 10.00 52394
s b 0 10.01 0.2385 10.00 52404
s b 0 10.01 0.2385 10.00 52414
s b 0 10.01 0.2385 10.00 52424
s b 0 10.01 0.2385 10.00 52434
s b 0 10.01 0.2385 10.00 52444
s b 0 10.01 0.2384 10.00 52454
s b 0 10.01 0.2384 10.00 52464
s b 0 10.01 0.2384 10.00 52474
s b 0 10.01 0.2384 10.00 52484
s b 0 10.01 0.2384 10.00 52494
s b 0 10.01 0.2384 10.00 52504
s b 0 10.01 0.2384 10.00 52514
s b 0 10.01 0.2383 10.00 52524
s b 0 10.01 0.2383 10.00 52534
s b 0 10.01 0.2383 10.00 52544
s b 0 10.01 0.2383 10.00 52554
s b 0 10.03 0.2376 10.00 52564
s b 0 10.03 0.2376 10.00 52574
s b 0 10.03 0.2375 10.00 52584
s b 0 10.03 0.2375 10.00 52594
s b 0 10.04 0.2368 10.00 52604
s b 0 10.04 0.2367 10.00 52614
s b 0 10.04 0.2367 10.00 52624
s b 0 10.03 0.2373 10.00 52634
s b 0 10.03 0.2373 10.00 52644
s b 0 10.03 0.2373 10.00 52654
s b 0 10.03 0.2373 10.00 52664
s b 0 10.01 0.2379 10.00 52674
s b 0 9.99 0.2393 10.00 52684
s b 0 9.99 0.2393 10.00 52694
s b 0 10.01 0.2379 10.00 52704
s b 0 10.01 0.2379 10.00 52714
s b 0 10.01 0.2379 10.00 52724
s b 0 10.01 0.2379 10.00 52734
s b 0 10.01 0.2379 10.00 52744
s b 0 10.01 0.2379 10.00 52754
s b 0 10.01 0.2378 10.00 52764
s b 0 10.01 0.2378 10.00 52774
s b 0 10.03 0.2371 10.00 52784
s b 0 10.03 0.2371 10.00 52794
s b 0 10.01 0.2378 10.00 52804
s b 0 10.03 0.2371 10.00 52814
s b 0 10.01 0.2377 10.00 52824
s b 0 10.00 0.2384 10.00 52834
s b 0 9.99 0.2391 10.00 52844
s b 0 9.99 0.2391 10.00 52854
s b 0 9.99 0.2391 10.00 52864
s b 0 9.99 0.2391 10.00 52874
s b 0 9.99 0.2391 10.00 52884
s b 0 9.99 0.2391 10.00 52894
s b 0 9.99 0.2391 10.00 52904
s b 0 9.99 0.2392 10.00 52914
s b 0 9.99 0.2392 10.00 52924
s b 0 10.01 0.2378 10.00 52934
s b 0 10.04 0.2364 10.00 52944
s b 0 10.04 0.2364 10.00 52954
s b 0 10.04 0.2363 10.00 52964
s b 0 10.04 0.2363 10.00 52974
s b 0 10.06 0.2356 10.00 52984
s b 0 10.06 0.2355 10.00 52994
s b 0 10.06 0.2354 10.00 53004
s b 0 10.06 0.2354 10.00 53014
s b 0 10.04 0.2360 10.00 53024
s b 0 10.04 0.2360 10.00 53034
s b 0 10.01 0.2373 10.00 53044
s b 0 9.97 0.2394 10.00 53054
s b 0 9.97 0.2394 10.00 53064
s b 0 9.96 0.2401 10.00 53074
s b 0 9.96 0.2401 10.00 53084
s b 0 9.96 0.2402 10.00 53094
s b 0 9.96 0.2402 10.00 53104
s b 0 9.96 0.2403 10.00 53114
s b 0 9.96 0.2403 10.00 53124
s b 0 9.97 0.2397 10.00 53134
s b 0 9.97 0.2397 10.00 53144
s b 0 9.97 0.2397 10.00 53154
s b 0 9.99 0.2390 10.00 53164
s b 0 9.99 0.2391 10.00 53174
s b 0 10.00 0.2384 10.00 53184
s b 0 10.01 0.2377 10.00 53194
s b 0 10.03 0.2370 10.00 53204
s b 0 10.03 0.2370 10.00 53214
s b 0 10.03 0.2369 10.00 53224
s b 0 10.03 0.2369 10.00 53234
s b 0 10.03 0.2369 10.00 53244
s b 0 10.03 0.2368 10.00 53254
s b 0 10.03 0.2368 10.00 53264
s b 0 10.03 0.2368 10.00 53274
s b 0 10.01 0.2375 10.00 53284
s b 0 10.01 0.2374 10.00 53294
s b 0 9.97 0.2395 10.00 53304
s b 0 9.97 0.2395 10.00 53314
s b 0 9.97 0.2395 10.00 53324
s b 0 9.99 0.2389 10.00 53334
s b 0 9.99 0.2389 10.00 53344
s b 0 9.97 0.2396 10.00 53354
s b 0 9.99 0.2389 10.00 53364
s b 0 9.99 0.2389 10.00 53374
s b 0 10.01 0.2376 10.00 53384
s b 0 10.01 0.2376 10.00 53394
s b 0 10.01 0.2375 10.00 53404
s b 0 10.01 0.2375 10.00 53414
s b 0 10.01 0.2375 10.00 53424
s b 0 10.04 0.2361 10.00 53434
s b 0 10.04 0.2361 10.00 53444
s b 0 10.03 0.2367 10.00 53454
s b 0 10.03 0.2367 10.00 53464
s b 0 10.01 0.2374 10.00 53474
s b 0 10.01 0.2373 10.00 53484
s b 0 10.00 0.2380 10.00 53494
s b 0 9.99 0.2387 10.00 53504
s b 0 9.99 0.2387 10.00 53514
s b 0 9.99 0.2387 10.00 53524
s b 0 9.99 0.2387 10.00 53534
s b 0 9.99 0.2388 10.00 53544
s b 0 9.99 0.2388 10.00 53554
s b 0 9.99 0.2388 10.00 53564
s b 0 9.99 0.2388 10.00 53574
s b 0 9.99 0.2388 10.00 53584
s b 0 10.01 0.2374 10.00 53594
s b 0 10.01 0.2374 10.00 53604
s b 0 10.03 0.2367 10.00 53614
s b 0 10.03 0.2367 10.00 53624
s b 0 10.03 0.2367 10.00 53634
s b 0 10.03 0.2366 10.00 53644
s b 0 10.03 0.2366 10.00 53654
s b 0 10.01 0.2373 10.00 53664
s b 0 9.99 0.2386 10.00 53674
s b 0 10.01 0.2373 10.00 53684
s b 0 10.01 0.2373 10.00 53694
s b 0 9.97 0.2393 10.00 53704
s b 0 10.01 0.2373 10.00 53714
s b 0 9.97 0.2393 10.00 53724
s b 0 9.97 0.2393 10.00 53734
s b 0 9.97 0.2394 10.00 53744
s b 0 9.97 0.2394 10.00 53754
s b 0 9.97 0.2394 10.00 53764
s b 0 9.97 0.2394 10.00 53774
s b 0 9.97 0.2395 10.00 53784
s b 0 9.97 0.2395 10.00 53794
s b 0 10.01 0.2375 10.00 53804
s b 0 10.03 0.2368 10.00 53814
s b 0 10.04 0.2360 10.00 53824
s b 0 10.04 0.2360 10.00 53834
s b 0 10.04 0.2360 10.00 53844
s b 0 10.03 0.2366 10.00 53854
s b 0 10.03 0.2366 10.00 53864
s b 0 10.03 0.2365 10.00 53874
s b 0 10.03 0.2365 10.00 53884
s b 0 10.03 0.2365 10.00 53894
s b 0 10.03 0.2365 10.00 53904
s b 0 10.03 0.2364 10.00 53914
s b 0 10.03 0.2364 10.00 53924
s b 0 10.01 0.2371 10.00 53934
s b 0 9.99 0.2384 10.00 53944
s b 0 9.99 0.2384 10.00 53954
s b 0 9.99 0.2384 10.00 53964
s b 0 9.99 0.2385 10.00 53974
s b 0 9.99 0.2385 10.00 53984
s b 0 9.99 0.2385 10.00 53994
s b 0 9.99 0.2385 10.00 54004
s b 0 9.99 0.2385 10.00 54014
s b 0 9.99 0.2385 10.00 54024
s b 0 9.99 0.2385 10.00 54034
s b 0 10.00 0.2379 10.00 54044
s b 0 10.00 0.2379 10.00 54054
s b 0 10.00 0.2379 10.00 54064
s b 0 10.03 0.2365 10.00 54074
s b 0 10.00 0.2378 10.00 54084
s b 0 10.03 0.2365 10.00 54094
s b 0 10.03 0.2364 10.00 54104
s b 0 10.03 0.2364 10.00 54114
s b 0 10.00 0.2377 10.00 54124
s b 0 10.03 0.2364 10.00 54134
s b 0 10.04 0.2356 10.00 54144
s b 0 10.03 0.2363 10.00 54154
s b 0 10.03 0.2363 10.00 54164
s b 0 10.03 0.2362 10.00 54174
s b 0 10.03 0.2362 10.00 54184
s b 0 10.03 0.2362 10.00 54194
s b 0 9.99 0.2382 10.00 54204
s b 0 9.99 0.2382 10.00 54214
s b 0 9.99 0.2382 10.00 54224
s b 0 9.99 0.2382 10.00 54234
s b 0 9.99 0.2383 10.00 54244
s b 0 9.99 0.2383 10.00 54254
s b 0 9.99 0.2383 10.00 54264
s b 0 9.99 0.2383 10.00 54274
s b 0 9.99 0.2383 10.00 54284
s b 0 9.99 0.2383 10.00 54294
s b 0 9.99 0.2383 10.00 54304
s b 0 9.99 0.2383 10.00 54314
s b 0 9.99 0.2384 10.00 54324
s b 0 9.99 0.2384 10.00 54334
s b 0 10.01 0.2370 10.00 54344
s b 0 10.01 0.2370 10.00 54354
s b 0 10.01 0.2370 10.00 54364
s b 0 10.01 0.2370 10.00 54374
s b 0 10.01 0.2370 10.00 54384
s b 0 10.03 0.2363 10.00 54394
s b 0 10.01 0.2369 10.00 54404
s b 0 10.01 0.2369 10.00 54414
s b 0 10.01 0.2369 10.00 54424
s b 0 10.03 0.2362 10.00 54434
s b 0 10.01 0.2368 10.00 54444
s b 0 9.99 0.2382 10.00 54454
s b 0 9.99 0.2382 10.00 54464
s b 0 9.99 0.2382 10.00 54474
s b 0 9.99 0.2382 10.00 54484
s b 0 9.99 0.2382 10.00 54494
s b 0 9.99 0.2383 10.00 54504
s b 0 9.99 0.2383 10.00 54514
s b 0 9.99 0.2383 10.00 54524
s b 0 9.99 0.2383 10.00 54534
s b 0 9.99 0.2383 10.00 54544
s b 0 9.99 0.2383 10.00 54554
s b 0 9.99 0.2383 10.00 54564
s b 0 9.99 0.2383 10.00 54574
s b 0 9.99 0.2384 10.00 54584
s b 0 9.99 0.2384 10.00 54594
s b 0 9.99 0.2384 10.00 54604
s b 0 9.99 0.2384 10.00 54614
s b 0 10.01 0.2370 10.00 54624
s b 0 10.01 0.2370 10.00 54634
s b 0 10.01 0.2370 10.00 54644
s b 0 10.03 0.2363 10.00 54654
s b 0 10.01 0.2370 10.00 54664
s b 0 10.01 0.2369 10.00 54674
s b 0 9.99 0.2383 10.00 54684
s b 0 9.99 0.2383 10.00 54694
s b 0 9.99 0.2383 10.00 54704
s b 0 9.99 0.2383 10.00 54714
s b 0 9.99 0.2384 10.00 54724
s b 0 9.99 0.2384 10.00 54734
s b 0 9.99 0.2384 10.00 54744
s b 0 9.97 0.2391 10.00 54754
s b 0 9.97 0.2391 10.00 54764
s b 0 9.97 0.2391 10.00 54774
s b 0 9.99 0.2385 10.00 54784
s b 0 10.04 0.2357 10.00 54794
s b 0 10.04 0.2357 10.00 54804
s b 0 10.04 0.2357 10.00 54814
s b 0 10.00 0.2377 10.00 54824
s b 0 9.99 0.2384 10.00 54834
s b 0 10.00 0.2377 10.00 54844
s b 0 9.99 0.2384 10.00 54854
s b 0 10.00 0.2377 10.00 54864
s b 0 10.00 0.2377 10.00 54874
s b 0 10.00 0.2377 10.00 54884
s b 0 10.00 0.2377 10.00 54894
s b 0 9.99 0.2384 10.00 54904
s b 0 9.99 0.2384 10.00 54914
s b 0 10.01 0.2370 10.00 54924
s b 0 10.01 0.2370 10.00 54934
s b 0 10.03 0.2363 10.00 54944
s b 0 10.01 0.2370 10.00 54954
s b 0 10.04 0.2356 10.00 54964
s b 0 10.01 0.2369 10.00 54974
s b 0 10.04 0.2355 10.00 54984
s b 0 10.01 0.2369 10.00 54994
s b 0 10.01 0.2368 10.00 55004
s b 0 10.01 0.2368 10.00 55014
s b 0 10.01 0.2368 10.00 55024
s b 0 9.97 0.2389 10.00 55034
s b 0 10.01 0.2368 10.00 55044
s b 0 10.01 0.2368 10.00 55054
s b 0 10.01 0.2368 10.00 55064
s b 0 10.01 0.2368 10.00 55074
s b 0 10.01 0.2368 10.00 55084
s b 0 10.01 0.2368 10.00 55094
s b 0 9.99 0.2381 10.00 55104
s b 0 9.99 0.2381 10.00 55114
s b 0 10.01 0.2368 10.00 55124
s b 0 9.99 0.2381 10.00 55134
s b 0 9.99 0.2381 10.00 55144
s b 0 9.97 0.2388 10.00 55154
s b 0 9.97 0.2389 10.00 55164
s b 0 9.97 0.2389 10.00 55174
s b 0 9.96 0.2396 10.00 55184
s b 0 9.96 0.2396 10.00 55194
s b 0 9.96 0.2397 10.00 55204
s b 0 9.96 0.2397 10.00 55214
s b 0 9.97 0.2391 10.00 55224
s b 0 9.97 0.2391 10.00 55234
s b 0 9.97 0.2391 10.00 55244
s b 0 9.97 0.2391 10.00 55254
s b 0 10.00 0.2378 10.00 55264
s b 0 10.00 0.2378 10.00 55274
s b 0 10.06 0.2350 10.00 55284
s b 0 10.06 0.2350 10.00 55294
s b 0 10.06 0.2349 10.00 55304
s b 0 10.06 0.2349 10.00 55314
s b 0 10.04 0.2355 10.00 55324
s b 0 10.03 0.2362 10.00 55334
s b 0 10.00 0.2375 10.00 55344
s b 0 10.00 0.2375 10.00 55354
s b 0 10.00 0.2375 10.00 55364
s b 0 10.00 0.2375 10.00 55374
s b 0 10.00 0.2375 10.00 55384
s b 0 10.00 0.2375 10.00 55394
s b 0 9.97 0.2389 10.00 55404
s b 0 9.97 0.2389 10.00 55414
s b 0 9.97 0.2389 10.00 55424
s b 0 9.97 0.2389 10.00 55434
s b 0 9.97 0.2390 10.00 55444
s b 0 9.97 0.2390 10.00 55454
s b 0 9.97 0.2390 10.00 55464
s b 0 9.99 0.2384 10.00 55474
s b 0 10.00 0.2377 10.00 55484
s b 0 10.01 0.2370 10.00 55494
s b 0 10.01 0.2370 10.00 55504
s b 0 10.03 0.2363 10.00 55514
s b 0 10.03 0.2363 10.00 55524
s b 0 10.03 0.2362 10.00 55534
s b 0 10.03 0.2362 10.00 55544
s b 0 10.03 0.2362 10.00 55554
s b 0 10.03 0.2361 10.00 55564
s b 0 10.03 0.2361 10.00 55574
s b 0 10.01 0.2368 10.00 55584
s b 0 9.99 0.2381 10.00 55594
s b 0 9.99 0.2381 10.00 55604
s b 0 9.99 0.2382 10.00 55614
s b 0 9.99 0.2382 10.00 55624
s b 0 9.99 0.2382 10.00 55634
s b 0 9.99 0.2382 10.00 55644
s b 0 10.00 0.2375 10.00 55654
s b 0 9.99 0.2382 10.00 55664
s b 0 10.00 0.2375 10.00 55674
s b 0 10.00 0.2375 10.00 55684
s b 0 10.01 0.2368 10.00 55694
s b 0 10.01 0.2368 10.00 55704
s b 0 10.01 0.2368 10.00 55714
s b 0 10.01 0.2368 10.00 55724
s b 0 10.01 0.2368 10.00 55734
s b 0 10.01 0.2368 10.00 55744
s b 0 10.01 0.2368 10.00 55754
s b 0 10.01 0.2367 10.00 55764
s b 0 10.01 0.2367 10.00 55774
s b 0 10.01 0.2367 10.00 55784
s b 0 10.01 0.2367 10.00 55794
s b 0 10.01 0.2367 10.00 55804
s b 0 10.01 0.2367 10.00 55814
s b 0 9.99 0.2380 10.00 55824
s b 0 9.99 0.2380 10.00 55834
s b 0 9.99 0.2381 10.00 55844
s b 0 9.99 0.2381 10.00 55854
s b 0 9.99 0.2381 10.00 55864
s b 0 9.99 0.2381 10.00 55874
s b 0 9.99 0.2381 10.00 55884
s b 0 9.96 0.2395 10.00 55894
s b 0 9.99 0.2382 10.00 55904
s b 0 9.99 0.2382 10.00 55914
s b 0 9.99 0.2382 10.00 55924
s b 0 10.04 0.2354 10.00 55934
s b 0 10.04 0.2354 10.00 55944
s b 0 10.04 0.2354 10.00 55954
s b 0 10.04 0.2353 10.00 55964
s b 0 10.04 0.2353 10.00 55974
s b 0 10.01 0.2366 10.00 55984
s b 0 10.00 0.2373 10.00 55994
s b 0 10.00 0.2373 10.00 56004
s b 0 10.00 0.2373 10.00 56014
s b 0 10.00 0.2373 10.00 56024
s b 0 9.97 0.2386 10.00 56034
s b 0 9.96 0.2394 10.00 56044
s b 0 9.96 0.2394 10.00 56054
s b 0 9.96 0.2394 10.00 56064
s b 0 9.97 0.2388 10.00 56074
s b 0 9.96 0.2395 10.00 56084
s b 0 9.97 0.2389 10.00 56094
s b 0 10.00 0.2375 10.00 56104
s b 0 10.00 0.2375 10.00 56114
s b 0 10.00 0.2375 10.00 56124
s b 0 10.00 0.2375 10.00 56134
s b 0 10.03 0.2361 10.00 56144
s b 0 10.04 0.2354 10.00 56154
s b 0 10.04 0.2354 10.00 56164
s b 0 10.03 0.2360 10.00 56174
s b 0 10.00 0.2374 10.00 56184
s b 0 10.04 0.2353 10.00 56194
s b 0 10.00 0.2373 10.00 56204
s b 0 9.99 0.2380 10.00 56214
s b 0 9.99 0.2380 10.00 56224
s b 0 9.99 0.2380 10.00 56234
s b 0 9.99 0.2380 10.00 56244
s b 0 9.99 0.2381 10.00 56254
s b 0 9.99 0.2381 10.00 56264
s b 0 9.99 0.2381 10.00 56274
s b 0 10.00 0.2374 10.00 56284
s b 0 10.01 0.2367 10.00 56294
s b 0 10.01 0.2367 10.00 56304
s b 0 10.01 0.2367 10.00 56314
s b 0 10.01 0.2367 10.00 56324
s b 0 10.03 0.2360 10.00 56334
s b 0 10.03 0.2359 10.00 56344
s b 0 10.03 0.2359 10.00 56354
s b 0 10.03 0.2359 10.00 56364
s b 0 10.03 0.2359 10.00 56374
s b 0 10.01 0.2365 10.00 56384
s b 0 10.01 0.2365 10.00 56394
s b 0 9.97 0.2385 10.00 56404
s b 0 9.97 0.2386 10.00 56414
s b 0 9.97 0.2386 10.00 56424
s b 0 9.97 0.2386 10.00 56434
s b 0 9.96 0.2393 10.00 56444
s b 0 9.96 0.2394 10.00 56454
s b 0 9.97 0.2387 10.00 56464
s b 0 9.96 0.2394 10.00 56474
s b 0 9.96 0.2395 10.00 56484
s b 0 9.97 0.2388 10.00 56494
s b 0 10.00 0.2375 10.00 56504
s b 0 10.01 0.2368 10.00 56514
s b 0 10.01 0.2368 10.00 56524
s b 0 10.03 0.2361 10.00 56534
s b 0 10.03 0.2361 10.00 56544
s b 0 10.03 0.2360 10.00 56554
s b 0 10.03 0.2360 10.00 56564
s b 0 10.03 0.2360 10.00 56574
s b 0 10.03 0.2359 10.00 56584
s b 0 10.03 0.2359 10.00 56594
s b 0 10.01 0.2366 10.00 56604
s b 0 9.99 0.2379 10.00 56614
s b 0 9.97 0.2386 10.00 56624
s b 0 9.97 0.2387 10.00 56634
s b 0 9.97 0.2387 10.00 56644
s b 0 9.97 0.2387 10.00 56654
s b 0 9.97 0.2387 10.00 56664
s b 0 9.97 0.2388 10.00 56674
s b 0 9.99 0.2381 10.00 56684
s b 0 9.99 0.2381 10.00 56694
s b 0 9.99 0.2381 10.00 56704
s b 0 9.99 0.2381 10.00 56714
s b 0 9.99 0.2382 10.00 56724
s b 0 10.01 0.2368 10.00 56734
s b 0 10.01 0.2368 10.00 56744
s b 0 10.03 0.2361 10.00 56754
s b 0 10.03 0.2360 10.00 56764
s b 0 10.03 0.2360 10.00 56774
s b 0 10.03 0.2360 10.00 56784
s b 0 10.03 0.2360 10.00 56794
s b 0 10.03 0.2359 10.00 56804
s b 0 10.03 0.2359 10.00 56814
s b 0 10.03 0.2359 10.00 56824
s b 0 10.03 0.2358 10.00 56834
s b 0 10.03 0.2358 10.00 56844
s b 0 10.03 0.2358 10.00 56854
s b 0 9.97 0.2385 10.00 56864
s b 0 9.96 0.2392 10.00 56874
s b 0 9.96 0.2393 10.00 56884
s b 0 9.96 0.2393 10.00 56894
s b 0 9.96 0.2393 10.00 56904
s b 0 9.96 0.2394 10.00 56914
s b 0 9.96 0.2394 10.00 56924
s b 0 9.96 0.2395 10.00 56934
s b 0 9.96 0.2395 10.00 56944
s b 0 9.96 0.2395 10.00 56954
s b 0 9.99 0.2382 10.00 56964
s b 0 10.03 0.2362 10.00 56974
s b 0 10.04 0.2354 10.00 56984
s b 0 10.04 0.2354 10.00 56994
s b 0 10.04 0.2354 10.00 57004
s b 0 10.03 0.2360 10.00 57014
s b 0 10.04 0.2353 10.00 57024
s b 0 10.06 0.2346 10.00 57034
s b 0 10.06 0.2345 10.00 57044
s b 0 10.04 0.2351 10.00 57054
s b 0 10.04 0.2351 10.00 57064
s b 0 10.03 0.2357 10.00 57074
s b 0 10.03 0.2357 10.00 57084
s b 0 10.01 0.2364 10.00 57094
s b 0 10.01 0.2364 10.00 57104
s b 0 10.01 0.2363 10.00 57114
s b 0 9.99 0.2377 10.00 57124
s b 0 9.97 0.2384 10.00 57134
s b 0 9.97 0.2384 10.00 57144
s b 0 9.96 0.2391 10.00 57154
s b 0 9.96 0.2392 10.00 57164
s b 0 9.97 0.2385 10.00 57174
s b 0 9.99 0.2379 10.00 57184
s b 0 9.97 0.2386 10.00 57194
s b 0 9.99 0.2379 10.00 57204
s b 0 9.99 0.2379 10.00 57214
s b 0 9.99 0.2379 10.00 57224
s b 0 10.00 0.2373 10.00 57234
s b 0 10.01 0.2366 10.00 57244
s b 0 10.00 0.2372 10.00 57254
s b 0 10.00 0.2372 10.00 57264
s b 0 10.01 0.2366 10.00 57274
s b 0 10.01 0.2365 10.00 57284
s b 0 10.03 0.2358 10.00 57294
s b 0 10.03 0.2358 10.00 57304
s b 0 10.03 0.2358 10.00 57314
s b 0 10.01 0.2364 10.00 57324
s b 0 10.01 0.2364 10.00 57334
s b 0 10.01 0.2364 10.00 57344
s b 0 9.99 0.2378 10.00 57354
s b 0 9.99 0.2378 10.00 57364
s b 0 10.01 0.2364 10.00 57374
s b 0 9.99 0.2378 10.00 57384
s b 0 9.99 0.2378 10.00 57394
s b 0 9.99 0.2378 10.00 57404
s b 0 9.99 0.2378 10.00 57414
s b 0 9.99 0.2378 10.00 57424
s b 0 9.99 0.2378 10.00 57434
s b 0 9.97 0.2385 10.00 57444
s b 0 9.97 0.2386 10.00 57454
s b 0 9.97 0.2386 10.00 57464
s b 0 9.99 0.2379 10.00 57474
s b 0 9.99 0.2379 10.00 57484
s b 0 9.99 0.2380 10.00 57494
s b 0 9.99 0.2380 10.00 57504
s b 0 9.99 0.2380 10.00 57514
s b 0 9.99 0.2380 10.00 57524
s b 0 9.97 0.2387 10.00 57534
s b 0 9.99 0.2380 10.00 57544
s b 0 10.01 0.2367 10.00 57554
s b 0 10.01 0.2367 10.00 57564
s b 0 10.01 0.2366 10.00 57574
s b 0 10.01 0.2366 10.00 57584
s b 0 10.01 0.2366 10.00 57594
s b 0 10.01 0.2366 10.00 57604
s b 0 10.01 0.2366 10.00 57614
s b 0 10.01 0.2366 10.00 57624
s b 0 10.03 0.2359 10.00 57634
s b 0 10.03 0.2358 10.00 57644
s b 0 10.03 0.2358 10.00 57654
s b 0 10.03 0.2358 10.00 57664
s b 0 10.03 0.2358 10.00 57674
s b 0 9.97 0.2385 10.00 57684
s b 0 9.97 0.2385 10.00 57694
s b 0 9.96 0.2392 10.00 57704
s b 0 9.96 0.2392 10.00 57714
s b 0 9.96 0.2393 10.00 57724
s b 0 9.96 0.2393 10.00 57734
s b 0 9.96 0.2394 10.00 57744
s b 0 9.96 0.2394 10.00 57754
s b 0 9.96 0.2394 10.00 57764
s b 0 9.96 0.2395 10.00 57774
s b 0 9.97 0.2388 10.00 57784
s b 0 9.99 0.2382 10.00 57794
s b 0 9.99 0.2382 10.00 57804
s b 0 10.01 0.2368 10.00 57814
s b 0 10.03 0.2361 10.00 57824
s b 0 10.04 0.2354 10.00 57834
s b 0 10.04 0.2354 10.00 57844
s b 0 10.04 0.2353 10.00 57854
s b 0 10.04 0.2353 10.00 57864
s b 0 10.04 0.2352 10.00 57874
s b 0 10.04 0.2352 10.00 57884
s b 0 10.04 0.2352 10.00 57894
s b 0 10.04 0.2351 10.00 57904
s b 0 10.04 0.2351 10.00 57914
s b 0 10.03 0.2357 10.00 57924
s b 0 10.01 0.2364 10.00 57934
s b 0 10.01 0.2364 10.00 57944
s b 0 9.99 0.2377 10.00 57954
s b 0 9.99 0.2377 10.00 57964
s b 0 9.99 0.2377 10.00 57974
s b 0 9.99 0.2378 10.00 57984
s b 0 9.97 0.2385 10.00 57994
s b 0 9.97 0.2385 10.00 58004
s b 0 9.97 0.2385 10.00 58014
s b 0 9.97 0.2385 10.00 58024
s b 0 9.99 0.2379 10.00 58034
s b 0 9.99 0.2379 10.00 58044
s b 0 10.03 0.2358 10.00 58054
s b 0 10.03 0.2358 10.00 58064
s b 0 10.03 0.2358 10.00 58074
s b 0 10.03 0.2358 10.00 58084
s b 0 10.03 0.2357 10.00 58094
s b 0 10.03 0.2357 10.00 58104
s b 0 10.03 0.2357 10.00 58114
s b 0 10.03 0.2356 10.00 58124
s b 0 10.01 0.2363 10.00 58134
s b 0 9.99 0.2377 10.00 58144
s b 0 9.97 0.2384 10.00 58154
s b 0 9.97 0.2384 10.00 58164
s b 0 9.97 0.2384 10.00 58174
s b 0 9.97 0.2384 10.00 58184
s b 0 9.99 0.2378 10.00 58194
s b 0 10.01 0.2364 10.00 58204
s b 0 10.01 0.2364 10.00 58214
s b 0 9.99 0.2378 10.00 58224
s b 0 10.01 0.2364 10.00 58234
s b 0 10.01 0.2364 10.00 58244
s b 0 10.01 0.2364 10.00 58254
s b 0 10.01 0.2364 10.00 58264
s b 0 10.00 0.2370 10.00 58274
s b 0 10.01 0.2363 10.00 58284
s b 0 10.00 0.2370 10.00 58294
s b 0 9.99 0.2377 10.00 58304
s b 0 9.99 0.2377 10.00 58314
s b 0 9.99 0.2377 10.00 58324
s b 0 10.00 0.2370 10.00 58334
s b 0 10.00 0.2370 10.00 58344
s b 0 10.00 0.2370 10.00 58354
s b 0 10.01 0.2364 10.00 58364
s b 0 10.03 0.2357 10.00 58374
s b 0 10.03 0.2356 10.00 58384
s b 0 10.01 0.2363 10.00 58394
s b 0 10.01 0.2363 10.00 58404
s b 0 10.01 0.2363 10.00 58414
s b 0 10.01 0.2362 10.00 58424
s b 0 9.97 0.2383 10.00 58434
s b 0 9.95 0.2397 10.00 58444
s b 0 9.95 0.2397 10.00 58454
s b 0 9.95 0.2398 10.00 58464
s b 0 9.95 0.2398 10.00 58474
s b 0 9.95 0.2399 10.00 58484
s b 0 9.95 0.2400 10.00 58494
s b 0 9.95 0.2400 10.00 58504
s b 0 9.96 0.2394 10.00 58514
s b 0 9.97 0.2387 10.00 58524
s b 0 9.97 0.2388 10.00 58534
s b 0 10.06 0.2347 10.00 58544
s b 0 10.06 0.2346 10.00 58554
s b 0 10.06 0.2345 10.00 58564
s b 0 10.06 0.2345 10.00 58574
s b 0 10.06 0.2344 10.00 58584
s b 0 10.06 0.2344 10.00 58594
s b 0 10.03 0.2357 10.00 58604
s b 0 10.03 0.2357 10.00 58614
s b 0 10.03 0.2356 10.00 58624
s b 0 10.03 0.2356 10.00 58634
s b 0 10.01 0.2363 10.00 58644
s b 0 10.01 0.2363 10.00 58654
s b 0 10.01 0.2362 10.00 58664
s b 0 10.01 0.2362 10.00 58674
s b 0 9.99 0.2376 10.00 58684
s b 0 9.97 0.2383 10.00 58694
s b 0 9.97 0.2383 10.00 58704
s b 0 9.97 0.2383 10.00 58714
